-179 0,543635 0,559904 0,567735 0,551067 0,540668
-178 0,545034 0,561146 0,568839 0,551891 0,541511
-177 0,546186 0,562155 0,569561 0,552387 0,541963
-176 0,547258 0,563108 0,570239 0,553105 0,542651
-175 0,548397 0,564057 0,570811 0,553687 0,543156
-174 0,549683 0,565111 0,571514 0,554383 0,543826
-173 0,550621 0,565933 0,572047 0,55489 0,544244
-172 0,551139 0,566263 0,572078 0,55485 0,543996
-171 0,551827 0,56677 0,572274 0,554956 0,543978
-170 0,55246 0,567344 0,572637 0,555208 0,543968
-169 0,553091 0,567912 0,573129 0,555548 0,544098
-168 0,553807 0,568576 0,573825 0,556045 0,544499
-167 0,554768 0,569529 0,574896 0,556912 0,545022
-166 0,556265 0,571081 0,576556 0,558456 0,546357
-165 0,557989 0,572862 0,578346 0,559963 0,547588
-164 0,559786 0,574765 0,580291 0,561475 0,548603
-163 0,561391 0,576459 0,582049 0,562895 0,549781
-162 0,562884 0,577982 0,583633 0,564235 0,550855
-161 0,564578 0,579703 0,585525 0,565939 0,552377
-160 0,566872 0,58208 0,587988 0,568203 0,554674
-159 0,569107 0,584492 0,590491 0,570685 0,556961
-158 0,571355 0,586838 0,592928 0,573229 0,559472
-157 0,573249 0,588912 0,59508 0,575504 0,561832
-156 0,574593 0,590396 0,596803 0,577487 0,563805
-155 0,576151 0,592097 0,598622 0,579507 0,565811
-154 0,577353 0,593506 0,600129 0,5813 0,567603
-153 0,578181 0,594567 0,601221 0,582699 0,569046
-152 0,579101 0,59569 0,602468 0,584138 0,57052
-151 0,579667 0,596469 0,603392 0,585287 0,571752
-150 0,579949 0,59693 0,603981 0,585946 0,572625
-149 0,579964 0,597057 0,60432 0,586281 0,573181
-148 0,579869 0,597117 0,604529 0,58639 0,573347
-147 0,579522 0,596813 0,604517 0,586175 0,573121
-146 0,579372 0,596608 0,604478 0,585998 0,572916
-145 0,579512 0,5967 0,604763 0,585986 0,572928
-144 0,579672 0,596772 0,605135 0,585986 0,573077
-143 0,580051 0,597063 0,605452 0,586138 0,573378
-142 0,580847 0,597716 0,606144 0,586642 0,573882
-141 0,581655 0,598344 0,606652 0,587044 0,574271
-140 0,582711 0,599248 0,607489 0,587715 0,574851
-139 0,584067 0,600365 0,608616 0,588746 0,575694
-138 0,585707 0,601725 0,609968 0,590137 0,576975
-137 0,587462 0,603314 0,611625 0,59176 0,57849
-136 0,588726 0,604603 0,613037 0,593233 0,579951
-135 0,59024 0,606158 0,614692 0,594891 0,58152
-134 0,591665 0,607726 0,616181 0,596462 0,583007
-133 0,592678 0,608972 0,617303 0,597754 0,584346
-132 0,593549 0,610137 0,618294 0,598892 0,585764
-131 0,594273 0,611095 0,619011 0,599674 0,5869
-130 0,594744 0,6117 0,619477 0,600177 0,587669
-129 0,595069 0,612057 0,61982 0,600577 0,58849
-128 0,595529 0,612497 0,62009 0,600843 0,589141
-127 0,595538 0,612564 0,620099 0,600759 0,589465
-126 0,59515 0,612316 0,619776 0,600357 0,589282
-125 0,594727 0,611832 0,619268 0,599789 0,58891
-124 0,594522 0,611411 0,61902 0,599466 0,588706
-123 0,594253 0,610981 0,618783 0,599199 0,588495
-122 0,594098 0,610688 0,618464 0,598917 0,588223
-121 0,594004 0,610426 0,618086 0,598599 0,587707
-120 0,593454 0,609725 0,617487 0,598237 0,586988
-119 0,593346 0,609528 0,617357 0,598275 0,586649
-118 0,593805 0,609825 0,617832 0,598806 0,586865
-117 0,594586 0,610367 0,618538 0,599468 0,587143
-116 0,595625 0,611165 0,619458 0,600196 0,587492
-115 0,59654 0,611826 0,620168 0,600846 0,587702
-114 0,59746 0,612657 0,621026 0,601552 0,588069
-113 0,598157 0,61313 0,621606 0,601978 0,588305
-112 0,598919 0,613698 0,622187 0,602319 0,588379
-111 0,599201 0,613876 0,622316 0,602112 0,588001
-110 0,599566 0,614002 0,622286 0,60175 0,587499
-109 0,599918 0,614216 0,622387 0,601771 0,587443
-108 0,600353 0,61454 0,622547 0,601807 0,587409
-107 0,60137 0,61548 0,623197 0,602329 0,58775
-106 0,60255 0,616536 0,624032 0,603231 0,588584
-105 0,603823 0,617786 0,624996 0,604194 0,589667
-104 0,604965 0,618798 0,625768 0,605006 0,590537
-103 0,606062 0,619763 0,626614 0,605818 0,591274
-102 0,607861 0,621447 0,628056 0,607207 0,592604
-101 0,609627 0,623248 0,629644 0,608882 0,594254
-100 0,610873 0,624519 0,630749 0,609945 0,59525
-99 0,612252 0,625798 0,631885 0,611099 0,596011
-98 0,613787 0,627325 0,633517 0,612973 0,597624
-97 0,615108 0,628591 0,635229 0,615092 0,599689
-96 0,616275 0,629757 0,636904 0,617232 0,601979
-95 0,617464 0,631003 0,638557 0,619272 0,604319
-94 0,618789 0,632456 0,640676 0,621758 0,60702
-93 0,61979 0,633545 0,642378 0,623846 0,609392
-92 0,620682 0,634437 0,643756 0,625561 0,61154
-91 0,621631 0,635374 0,645221 0,627359 0,613707
-90 0,622369 0,636052 0,646391 0,628824 0,615503
-89 0,622756 0,63636 0,647299 0,629913 0,616836
-88 0,623084 0,636727 0,6481 0,631062 0,618002
-87 0,62371 0,637373 0,64898 0,632297 0,619101
-86 0,624364 0,637932 0,649987 0,633637 0,620489
-85 0,625217 0,638828 0,651241 0,63523 0,622124
-84 0,62617 0,639777 0,652272 0,636451 0,623487
-83 0,626854 0,640372 0,652848 0,637167 0,624351
-82 0,627695 0,641029 0,653494 0,637711 0,62483
-81 0,628759 0,641943 0,654335 0,638405 0,625669
-80 0,629669 0,642793 0,655016 0,639043 0,626265
-79 0,63079 0,643634 0,655755 0,639751 0,626816
-78 0,632501 0,644983 0,656924 0,640742 0,627664
-77 0,634144 0,646303 0,65816 0,641762 0,628719
-76 0,636016 0,64788 0,659594 0,642898 0,629998
-75 0,637919 0,649701 0,661278 0,64415 0,631253
-74 0,640085 0,651877 0,663447 0,645841 0,632899
-73 0,642635 0,654456 0,665841 0,647811 0,634664
-72 0,645281 0,657161 0,66845 0,650204 0,636749
-71 0,648353 0,66013 0,671328 0,653021 0,639249
-70 0,651353 0,663075 0,674217 0,655908 0,64184
-69 0,654312 0,665891 0,677026 0,658597 0,644219
-68 0,657344 0,668963 0,680071 0,661375 0,646631
-67 0,660058 0,67194 0,683108 0,6642 0,649078
-66 0,662558 0,674589 0,685781 0,666832 0,651357
-65 0,664997 0,677316 0,688553 0,669531 0,653827
-64 0,667501 0,680054 0,691372 0,672436 0,656508
-63 0,669363 0,682162 0,693501 0,674829 0,658687
-62 0,671011 0,684063 0,695412 0,677066 0,660924
-61 0,672701 0,685744 0,697289 0,678952 0,662886
-60 0,67423 0,687287 0,699167 0,680871 0,664942
-59 0,675784 0,688665 0,700846 0,682605 0,666747
-58 0,677438 0,690329 0,702934 0,684515 0,668639
-57 0,679649 0,692686 0,705788 0,687268 0,671217
-56 0,68202 0,695079 0,708576 0,690174 0,673948
-55 0,684563 0,69753 0,711409 0,693175 0,676898
-54 0,687278 0,700094 0,714236 0,696114 0,679691
-53 0,689823 0,702567 0,716848 0,698973 0,682356
-52 0,692569 0,705135 0,719482 0,701648 0,684771
-51 0,695557 0,708305 0,722434 0,704458 0,687311
-50 0,69838 0,711446 0,725495 0,707447 0,690209
-49 0,701721 0,714867 0,728881 0,710702 0,693302
-48 0,705609 0,718759 0,73281 0,714436 0,696644
-47 0,708929 0,722165 0,736281 0,717714 0,699773
-46 0,712348 0,725658 0,739731 0,72093 0,702922
-45 0,715589 0,728841 0,742928 0,724059 0,705804
-44 0,719082 0,732089 0,746019 0,726885 0,708421
-43 0,722298 0,73506 0,748874 0,729329 0,710677
-42 0,725477 0,73782 0,751447 0,731557 0,712713
-41 0,729274 0,741295 0,754793 0,734346 0,715196
-40 0,73301 0,744812 0,758246 0,737424 0,718104
-39 0,736895 0,74844 0,761702 0,74078 0,721165
-38 0,74047 0,751945 0,765198 0,744081 0,724199
-37 0,74354 0,754987 0,768207 0,74697 0,726981
-36 0,746333 0,757807 0,771017 0,749547 0,729308
-35 0,749074 0,760567 0,773949 0,752166 0,731606
-34 0,752015 0,763495 0,777 0,754697 0,733895
-33 0,754803 0,766567 0,780224 0,757547 0,7365
-32 0,757232 0,769307 0,783281 0,760496 0,739039
-31 0,759542 0,771945 0,78621 0,763144 0,741416
-30 0,761726 0,774682 0,789237 0,766113 0,744206
-29 0,763796 0,777115 0,792083 0,768836 0,746881
-28 0,766104 0,779747 0,794884 0,77144 0,749562
-27 0,768256 0,782352 0,797723 0,77415 0,752377
-26 0,770262 0,784747 0,800528 0,776835 0,755194
-25 0,77264 0,787449 0,803852 0,780148 0,758352
-24 0,774898 0,790218 0,807464 0,78372 0,761684
-23 0,777091 0,792743 0,810694 0,786813 0,764454
-22 0,779535 0,79526 0,813845 0,789771 0,766948
-21 0,782006 0,797973 0,817143 0,792947 0,769789
-20 0,784628 0,80091 0,820661 0,79629 0,772776
-19 0,786719 0,803507 0,82384 0,799384 0,775615
-18 0,78822 0,805813 0,826659 0,802017 0,778067
-17 0,790096 0,808587 0,829928 0,804923 0,78075
-16 0,792068 0,811712 0,833547 0,808287 0,783835
-15 0,794257 0,81492 0,837215 0,81153 0,786635
-14 0,797572 0,819317 0,84189 0,815726 0,790279
-13 0,801302 0,824439 0,847028 0,820136 0,794086
-12 0,805552 0,829906 0,852796 0,824989 0,798256
-11 0,810659 0,836247 0,859832 0,830845 0,803172
-10 0,816228 0,843021 0,867537 0,837234 0,80846
-9 0,82255 0,850404 0,876261 0,844656 0,81442
-8 0,829821 0,858661 0,886269 0,853134 0,82102
-7 0,837043 0,867185 0,897281 0,862414 0,828015
-6 0,843783 0,875506 0,907946 0,871355 0,834739
-5 0,85038 0,884128 0,920708 0,880711 0,841817
-4 0,85659 0,892349 0,932469 0,889341 0,84867
-3 0,863066 0,901267 0,948911 0,898366 0,856371
-2 0,868918 0,909254 0,963222 0,906686 0,863789
-1 0,874909 0,917514 0,981521 0,915406 0,871274
0 0,878075 0,923024 0,999998 0,923024 0,878075
1 0,871274 0,915406 0,981521 0,917514 0,874909
2 0,863789 0,906686 0,963222 0,909254 0,868918
3 0,856371 0,898366 0,948911 0,901267 0,863066
4 0,84867 0,889341 0,932469 0,892349 0,85659
5 0,841817 0,880711 0,920708 0,884128 0,85038
6 0,834739 0,871355 0,907946 0,875506 0,843783
7 0,828015 0,862414 0,897281 0,867185 0,837043
8 0,82102 0,853134 0,886269 0,858661 0,829821
9 0,81442 0,844656 0,876261 0,850404 0,82255
10 0,80846 0,837234 0,867537 0,843021 0,816228
11 0,803172 0,830845 0,859832 0,836247 0,810659
12 0,798256 0,824989 0,852796 0,829906 0,805552
13 0,794086 0,820136 0,847028 0,824439 0,801302
14 0,790279 0,815726 0,84189 0,819317 0,797572
15 0,786635 0,81153 0,837215 0,81492 0,794257
16 0,783835 0,808287 0,833547 0,811712 0,792068
17 0,78075 0,804923 0,829928 0,808587 0,790096
18 0,778067 0,802017 0,826659 0,805813 0,78822
19 0,775615 0,799384 0,82384 0,803507 0,786719
20 0,772776 0,79629 0,820661 0,80091 0,784628
21 0,769789 0,792947 0,817143 0,797973 0,782006
22 0,766948 0,789771 0,813845 0,79526 0,779535
23 0,764454 0,786813 0,810694 0,792743 0,777091
24 0,761684 0,78372 0,807464 0,790218 0,774898
25 0,758352 0,780148 0,803852 0,787449 0,77264
26 0,755194 0,776835 0,800528 0,784747 0,770262
27 0,752377 0,77415 0,797723 0,782352 0,768256
28 0,749562 0,77144 0,794884 0,779747 0,766104
29 0,746881 0,768836 0,792083 0,777115 0,763796
30 0,744206 0,766113 0,789237 0,774682 0,761726
31 0,741416 0,763144 0,78621 0,771945 0,759542
32 0,739039 0,760496 0,783281 0,769307 0,757232
33 0,7365 0,757547 0,780224 0,766567 0,754803
34 0,733895 0,754697 0,777 0,763495 0,752015
35 0,731606 0,752166 0,773949 0,760567 0,749074
36 0,729308 0,749547 0,771017 0,757807 0,746333
37 0,726981 0,74697 0,768207 0,754987 0,74354
38 0,724199 0,744081 0,765198 0,751945 0,74047
39 0,721165 0,74078 0,761702 0,74844 0,736895
40 0,718104 0,737424 0,758246 0,744812 0,73301
41 0,715196 0,734346 0,754793 0,741295 0,729274
42 0,712713 0,731557 0,751447 0,73782 0,725477
43 0,710677 0,729329 0,748874 0,73506 0,722298
44 0,708421 0,726885 0,746019 0,732089 0,719082
45 0,705804 0,724059 0,742928 0,728841 0,715589
46 0,702922 0,72093 0,739731 0,725658 0,712348
47 0,699773 0,717714 0,736281 0,722165 0,708929
48 0,696644 0,714436 0,73281 0,718759 0,705609
49 0,693302 0,710702 0,728881 0,714867 0,701721
50 0,690209 0,707447 0,725495 0,711446 0,69838
51 0,687311 0,704458 0,722434 0,708305 0,695557
52 0,684771 0,701648 0,719482 0,705135 0,692569
53 0,682356 0,698973 0,716848 0,702567 0,689823
54 0,679691 0,696114 0,714236 0,700094 0,687278
55 0,676898 0,693175 0,711409 0,69753 0,684563
56 0,673948 0,690174 0,708576 0,695079 0,68202
57 0,671217 0,687268 0,705788 0,692686 0,679649
58 0,668639 0,684515 0,702934 0,690329 0,677438
59 0,666747 0,682605 0,700846 0,688665 0,675784
60 0,664942 0,680871 0,699167 0,687287 0,67423
61 0,662886 0,678952 0,697289 0,685744 0,672701
62 0,660924 0,677066 0,695412 0,684063 0,671011
63 0,658687 0,674829 0,693501 0,682162 0,669363
64 0,656508 0,672436 0,691372 0,680054 0,667501
65 0,653827 0,669531 0,688553 0,677316 0,664997
66 0,651357 0,666832 0,685781 0,674589 0,662558
67 0,649078 0,6642 0,683108 0,67194 0,660058
68 0,646631 0,661375 0,680071 0,668963 0,657344
69 0,644219 0,658597 0,677026 0,665891 0,654312
70 0,64184 0,655908 0,674217 0,663075 0,651353
71 0,639249 0,653021 0,671328 0,66013 0,648353
72 0,636749 0,650204 0,66845 0,657161 0,645281
73 0,634664 0,647811 0,665841 0,654456 0,642635
74 0,632899 0,645841 0,663447 0,651877 0,640085
75 0,631253 0,64415 0,661278 0,649701 0,637919
76 0,629998 0,642898 0,659594 0,64788 0,636016
77 0,628719 0,641762 0,65816 0,646303 0,634144
78 0,627664 0,640742 0,656924 0,644983 0,632501
79 0,626816 0,639751 0,655755 0,643634 0,63079
80 0,626265 0,639043 0,655016 0,642793 0,629669
81 0,625669 0,638405 0,654335 0,641943 0,628759
82 0,62483 0,637711 0,653494 0,641029 0,627695
83 0,624351 0,637167 0,652848 0,640372 0,626854
84 0,623487 0,636451 0,652272 0,639777 0,62617
85 0,622124 0,63523 0,651241 0,638828 0,625217
86 0,620489 0,633637 0,649987 0,637932 0,624364
87 0,619101 0,632297 0,64898 0,637373 0,62371
88 0,618002 0,631062 0,6481 0,636727 0,623084
89 0,616836 0,629913 0,647299 0,63636 0,622756
90 0,615503 0,628824 0,646391 0,636052 0,622369
91 0,613707 0,627359 0,645221 0,635374 0,621631
92 0,61154 0,625561 0,643756 0,634437 0,620682
93 0,609392 0,623846 0,642378 0,633545 0,61979
94 0,60702 0,621758 0,640676 0,632456 0,618789
95 0,604319 0,619272 0,638557 0,631003 0,617464
96 0,601979 0,617232 0,636904 0,629757 0,616275
97 0,599689 0,615092 0,635229 0,628591 0,615108
98 0,597624 0,612973 0,633517 0,627325 0,613787
99 0,596011 0,611099 0,631885 0,625798 0,612252
100 0,59525 0,609945 0,630749 0,624519 0,610873
101 0,594254 0,608882 0,629644 0,623248 0,609627
102 0,592604 0,607207 0,628056 0,621447 0,607861
103 0,591274 0,605818 0,626614 0,619763 0,606062
104 0,590537 0,605006 0,625768 0,618798 0,604965
105 0,589667 0,604194 0,624996 0,617786 0,603823
106 0,588584 0,603231 0,624032 0,616536 0,60255
107 0,58775 0,602329 0,623197 0,61548 0,60137
108 0,587409 0,601807 0,622547 0,61454 0,600353
109 0,587443 0,601771 0,622387 0,614216 0,599918
110 0,587499 0,60175 0,622286 0,614002 0,599566
111 0,588001 0,602112 0,622316 0,613876 0,599201
112 0,588379 0,602319 0,622187 0,613698 0,598919
113 0,588305 0,601978 0,621606 0,61313 0,598157
114 0,588069 0,601552 0,621026 0,612657 0,59746
115 0,587702 0,600846 0,620168 0,611826 0,59654
116 0,587492 0,600196 0,619458 0,611165 0,595625
117 0,587143 0,599468 0,618538 0,610367 0,594586
118 0,586865 0,598806 0,617832 0,609825 0,593805
119 0,586649 0,598275 0,617357 0,609528 0,593346
120 0,586988 0,598237 0,617487 0,609725 0,593454
121 0,587707 0,598599 0,618086 0,610426 0,594004
122 0,588223 0,598917 0,618464 0,610688 0,594098
123 0,588495 0,599199 0,618783 0,610981 0,594253
124 0,588706 0,599466 0,61902 0,611411 0,594522
125 0,58891 0,599789 0,619268 0,611832 0,594727
126 0,589282 0,600357 0,619776 0,612316 0,59515
127 0,589465 0,600759 0,620099 0,612564 0,595538
128 0,589141 0,600843 0,62009 0,612497 0,595529
129 0,58849 0,600577 0,61982 0,612057 0,595069
130 0,587669 0,600177 0,619477 0,6117 0,594744
131 0,5869 0,599674 0,619011 0,611095 0,594273
132 0,585764 0,598892 0,618294 0,610137 0,593549
133 0,584346 0,597754 0,617303 0,608972 0,592678
134 0,583007 0,596462 0,616181 0,607726 0,591665
135 0,58152 0,594891 0,614692 0,606158 0,59024
136 0,579951 0,593233 0,613037 0,604603 0,588726
137 0,57849 0,59176 0,611625 0,603314 0,587462
138 0,576975 0,590137 0,609968 0,601725 0,585707
139 0,575694 0,588746 0,608616 0,600365 0,584067
140 0,574851 0,587715 0,607489 0,599248 0,582711
141 0,574271 0,587044 0,606652 0,598344 0,581655
142 0,573882 0,586642 0,606144 0,597716 0,580847
143 0,573378 0,586138 0,605452 0,597063 0,580051
144 0,573077 0,585986 0,605135 0,596772 0,579672
145 0,572928 0,585986 0,604763 0,5967 0,579512
146 0,572916 0,585998 0,604478 0,596608 0,579372
147 0,573121 0,586175 0,604517 0,596813 0,579522
148 0,573347 0,58639 0,604529 0,597117 0,579869
149 0,573181 0,586281 0,60432 0,597057 0,579964
150 0,572625 0,585946 0,603981 0,59693 0,579949
151 0,571752 0,585287 0,603392 0,596469 0,579667
152 0,57052 0,584138 0,602468 0,59569 0,579101
153 0,569046 0,582699 0,601221 0,594567 0,578181
154 0,567603 0,5813 0,600129 0,593506 0,577353
155 0,565811 0,579507 0,598622 0,592097 0,576151
156 0,563805 0,577487 0,596803 0,590396 0,574593
157 0,561832 0,575504 0,59508 0,588912 0,573249
158 0,559472 0,573229 0,592928 0,586838 0,571355
159 0,556961 0,570685 0,590491 0,584492 0,569107
160 0,554674 0,568203 0,587988 0,58208 0,566872
161 0,552377 0,565939 0,585525 0,579703 0,564578
162 0,550855 0,564235 0,583633 0,577982 0,562884
163 0,549781 0,562895 0,582049 0,576459 0,561391
164 0,548603 0,561475 0,580291 0,574765 0,559786
165 0,547588 0,559963 0,578346 0,572862 0,557989
166 0,546357 0,558456 0,576556 0,571081 0,556265
167 0,545022 0,556912 0,574896 0,569529 0,554768
168 0,544499 0,556045 0,573825 0,568576 0,553807
169 0,544098 0,555548 0,573129 0,567912 0,553091
170 0,543968 0,555208 0,572637 0,567344 0,55246
171 0,543978 0,554956 0,572274 0,56677 0,551827
172 0,543996 0,55485 0,572078 0,566263 0,551139
173 0,544244 0,55489 0,572047 0,565933 0,550621
174 0,543826 0,554383 0,571514 0,565111 0,549683
175 0,543156 0,553687 0,570811 0,564057 0,548397
176 0,542651 0,553105 0,570239 0,563108 0,547258
177 0,541963 0,552387 0,569561 0,562155 0,546186
178 0,541511 0,551891 0,568839 0,561146 0,545034
179 0,540668 0,551067 0,567735 0,559904 0,543635
