-179 0,270761 0,301445 0,323322 0,339831 0,349881
-178 0,272808 0,304047 0,325857 0,342636 0,351911
-177 0,275918 0,307242 0,329303 0,345599 0,354794
-176 0,279013 0,310417 0,33273 0,348551 0,357667
-175 0,279948 0,311352 0,333978 0,34954 0,358628
-174 0,280864 0,312278 0,335214 0,350505 0,359564
-173 0,284002 0,315417 0,338219 0,353741 0,362375
-172 0,287128 0,318555 0,341205 0,356962 0,365186
-171 0,289271 0,320414 0,343148 0,358647 0,367138
-170 0,291416 0,322268 0,34509 0,360325 0,369093
-169 0,292404 0,322751 0,345894 0,360756 0,369758
-168 0,293379 0,323213 0,346699 0,361184 0,37042
-167 0,297139 0,326696 0,350218 0,364669 0,373916
-166 0,300877 0,330174 0,353714 0,368142 0,3774
-165 0,303352 0,332809 0,356245 0,370591 0,379588
-164 0,305822 0,335444 0,358771 0,373033 0,381761
-163 0,30793 0,337553 0,361027 0,374995 0,383345
-162 0,310048 0,339654 0,363281 0,376965 0,384939
-161 0,312759 0,342615 0,366111 0,379939 0,387915
-160 0,315453 0,345568 0,368928 0,382902 0,390877
-159 0,31661 0,346637 0,369583 0,383805 0,39168
-158 0,317773 0,347702 0,370229 0,384694 0,39248
-157 0,320556 0,350359 0,372832 0,387164 0,394992
-156 0,323329 0,353009 0,375443 0,38964 0,39749
-155 0,325939 0,3557 0,378019 0,392102 0,399943
-154 0,328538 0,358394 0,380603 0,394564 0,402406
-153 0,329572 0,359506 0,381679 0,39524 0,402737
-152 0,330608 0,360629 0,38276 0,395924 0,403061
-151 0,333511 0,36351 0,385724 0,398672 0,405066
-150 0,336407 0,366369 0,388658 0,401393 0,407047
-149 0,338344 0,368446 0,390695 0,403226 0,408437
-148 0,340269 0,37051 0,392721 0,405044 0,409823
-147 0,342242 0,372617 0,394633 0,406611 0,411029
-146 0,344216 0,374725 0,396548 0,408181 0,412246
-145 0,347107 0,377312 0,399333 0,410464 0,414261
-144 0,349979 0,379887 0,402098 0,412728 0,416274
-143 0,351126 0,38081 0,402952 0,413597 0,417221
-142 0,352264 0,381724 0,403806 0,414477 0,418169
-141 0,354028 0,383435 0,405167 0,416448 0,420401
-140 0,355772 0,385129 0,406496 0,418384 0,422619
-139 0,356745 0,385654 0,407552 0,419383 0,42388
-138 0,35771 0,386176 0,40861 0,420384 0,425117
-137 0,358076 0,386021 0,408851 0,42041 0,425795
-136 0,358444 0,385862 0,409095 0,420427 0,426468
-135 0,361118 0,388287 0,411698 0,4229 0,429566
-134 0,363781 0,390717 0,414295 0,425362 0,43266
-133 0,36506 0,392057 0,415968 0,426731 0,43404
-132 0,366338 0,393403 0,417633 0,42812 0,43543
-131 0,367254 0,394496 0,418692 0,429362 0,436992
-130 0,368179 0,395591 0,419742 0,430606 0,438555
-129 0,370549 0,398117 0,42217 0,432745 0,441419
-128 0,372926 0,400635 0,424597 0,434887 0,44427
-127 0,373453 0,401339 0,424945 0,435239 0,444472
-126 0,373962 0,402033 0,425298 0,435593 0,444692
-125 0,375628 0,403858 0,426896 0,437424 0,445867
-124 0,377297 0,405677 0,428482 0,439234 0,44703
-123 0,379852 0,408242 0,431001 0,441648 0,448835
-122 0,382377 0,410803 0,433508 0,444066 0,450613
-121 0,384795 0,412957 0,4354 0,446293 0,45148
-120 0,38721 0,415096 0,437293 0,4485 0,452346
-119 0,39106 0,418385 0,440754 0,451972 0,45517
-118 0,394908 0,421659 0,444196 0,455431 0,45797
-117 0,39597 0,422653 0,444594 0,455639 0,458208
-116 0,39703 0,423637 0,444995 0,45585 0,458461
-115 0,39877 0,42505 0,445387 0,456075 0,458759
-114 0,400503 0,426461 0,445778 0,456291 0,459046
-113 0,402787 0,428978 0,447872 0,457443 0,460521
-112 0,405073 0,431501 0,449962 0,458605 0,462006
-111 0,405867 0,432303 0,450492 0,458602 0,46231
-110 0,406668 0,433103 0,451019 0,458582 0,462627
-109 0,408542 0,434551 0,452079 0,459039 0,463492
-108 0,410407 0,436008 0,453147 0,459504 0,464355
-107 0,411296 0,437048 0,453413 0,459572 0,464594
-106 0,412196 0,438086 0,453673 0,459653 0,464846
-105 0,413155 0,438637 0,454043 0,460133 0,465562
-104 0,414104 0,439172 0,454414 0,460608 0,466269
-103 0,417047 0,441464 0,456928 0,463271 0,468985
-102 0,419981 0,44376 0,459437 0,465925 0,471691
-101 0,421709 0,44526 0,460553 0,467448 0,473181
-100 0,423447 0,446748 0,461678 0,46898 0,474671
-99 0,425508 0,448658 0,463854 0,471303 0,476151
-98 0,427565 0,450567 0,466021 0,473618 0,477628
-97 0,429672 0,452913 0,468876 0,476343 0,479846
-96 0,431769 0,455253 0,471714 0,479059 0,482054
-95 0,431315 0,455307 0,472239 0,4796 0,482492
-94 0,430863 0,455363 0,472747 0,480145 0,48294
-93 0,432707 0,457528 0,475165 0,482322 0,484872
-92 0,434552 0,459689 0,477593 0,484485 0,486795
-91 0,435554 0,46009 0,47863 0,48509 0,487637
-90 0,436544 0,460491 0,479674 0,485706 0,488475
-89 0,436608 0,460751 0,480276 0,48624 0,488813
-88 0,436678 0,461014 0,480872 0,486766 0,489149
-87 0,439012 0,463734 0,483829 0,48981 0,491621
-86 0,441337 0,466456 0,486787 0,492858 0,494091
-85 0,442214 0,467973 0,488268 0,494426 0,495446
-84 0,44309 0,469492 0,489763 0,496001 0,496804
-83 0,444536 0,471494 0,492071 0,49779 0,498378
-82 0,445991 0,473501 0,494383 0,499595 0,499965
-81 0,449086 0,47669 0,497892 0,502627 0,502683
-80 0,452175 0,479875 0,501384 0,50565 0,505384
-79 0,452986 0,480877 0,502318 0,506654 0,506195
-78 0,453793 0,481872 0,503242 0,507646 0,506998
-77 0,455772 0,48427 0,50564 0,509773 0,509509
-76 0,457742 0,486662 0,508049 0,51191 0,512026
-75 0,45957 0,488196 0,509395 0,513408 0,513431
-74 0,461399 0,489723 0,510738 0,514902 0,514843
-73 0,462395 0,490335 0,510797 0,515538 0,514822
-72 0,463392 0,49095 0,510844 0,516159 0,514801
-71 0,4668 0,494342 0,513872 0,519357 0,517528
-70 0,470195 0,497727 0,516899 0,522544 0,520262
-69 0,471888 0,499136 0,518211 0,523564 0,52125
-68 0,473586 0,500523 0,519521 0,524573 0,522227
-67 0,47603 0,502532 0,521559 0,526397 0,523743
-66 0,47847 0,504543 0,52357 0,528216 0,52525
-65 0,482692 0,508121 0,527513 0,531976 0,528145
-64 0,486899 0,511694 0,531467 0,53573 0,531042
-63 0,488927 0,513623 0,532979 0,537208 0,532445
-62 0,490966 0,515556 0,534495 0,538685 0,533856
-61 0,493928 0,518407 0,537798 0,54135 0,53688
-60 0,4969 0,52126 0,541097 0,544022 0,539897
-59 0,498916 0,523669 0,543582 0,546308 0,542572
-58 0,500919 0,526068 0,54606 0,548592 0,54525
-57 0,502469 0,527918 0,54806 0,550628 0,547377
-56 0,504021 0,529771 0,550064 0,552671 0,549503
-55 0,507286 0,533618 0,554077 0,556953 0,553823
-54 0,510541 0,537458 0,558073 0,561226 0,558127
-53 0,512351 0,539898 0,560744 0,564028 0,560118
-52 0,514156 0,54233 0,563417 0,566836 0,562115
-51 0,516767 0,544709 0,566481 0,569504 0,564479
-50 0,51939 0,5471 0,569564 0,57218 0,566845
-49 0,52331 0,550902 0,573437 0,574877 0,569334
-48 0,527225 0,554709 0,577294 0,577554 0,571806
-47 0,530305 0,557923 0,579889 0,57914 0,572909
-46 0,533386 0,561153 0,582495 0,580737 0,574011
-45 0,537859 0,565702 0,586764 0,583854 0,577198
-44 0,542327 0,570229 0,591025 0,586964 0,580371
-43 0,545995 0,573289 0,593879 0,589329 0,58275
-42 0,549639 0,576333 0,59672 0,591679 0,585129
-41 0,552147 0,578529 0,598399 0,593984 0,586741
-40 0,554659 0,580729 0,600079 0,596296 0,588373
-39 0,559177 0,585052 0,604364 0,600761 0,592572
-38 0,563707 0,589371 0,608643 0,605225 0,596773
-37 0,566276 0,591801 0,611028 0,607462 0,598465
-36 0,568831 0,59424 0,613405 0,609693 0,600162
-35 0,572315 0,597313 0,616194 0,612058 0,601279
-34 0,575799 0,600386 0,618972 0,614412 0,602382
-33 0,580661 0,605618 0,623958 0,618435 0,605496
-32 0,585515 0,610833 0,628951 0,62246 0,608599
-31 0,587948 0,613462 0,63177 0,624185 0,609933
-30 0,590372 0,616085 0,634591 0,625911 0,611277
-29 0,594511 0,620187 0,638458 0,629393 0,614887
-28 0,598642 0,624275 0,642308 0,632861 0,618474
-27 0,602296 0,628477 0,646833 0,636531 0,622268
-26 0,605953 0,632676 0,651364 0,640188 0,626057
-25 0,609611 0,636506 0,655715 0,644363 0,6295
-24 0,613271 0,64034 0,660054 0,64855 0,632949
-23 0,618179 0,645931 0,665801 0,654409 0,638445
-22 0,623066 0,651515 0,671524 0,660255 0,643913
-21 0,626317 0,655992 0,676136 0,66498 0,648317
-20 0,629547 0,660455 0,68074 0,669691 0,652716
-19 0,63242 0,664308 0,685436 0,674727 0,656551
-18 0,635294 0,668148 0,690135 0,679754 0,660372
-17 0,639073 0,672628 0,695062 0,68503 0,664863
-16 0,642847 0,677085 0,699981 0,690302 0,669353
-15 0,646378 0,681599 0,705909 0,694991 0,673526
-14 0,64992 0,686139 0,711832 0,69969 0,677705
-13 0,655211 0,692633 0,71907 0,705955 0,683851
-12 0,660493 0,699144 0,726315 0,712231 0,689996
-11 0,665498 0,70516 0,736086 0,718164 0,695124
-10 0,670477 0,711147 0,745841 0,724081 0,700228
-9 0,675884 0,71756 0,752981 0,730741 0,703363
-8 0,681278 0,72395 0,760103 0,737376 0,706499
-7 0,689702 0,733631 0,776769 0,748604 0,711382
-6 0,698108 0,743278 0,793416 0,75981 0,716239
-5 0,7052 0,752191 0,807334 0,767548 0,719418
-4 0,71229 0,761092 0,821233 0,775269 0,722582
-3 0,723603 0,775087 0,854982 0,784948 0,729506
-2 0,73491 0,789073 0,888741 0,794624 0,736449
-1 0,7465 0,804223 0,944554 0,807003 0,747263
0 0,758015 0,819293 0,999998 0,819293 0,758015
1 0,747263 0,807003 0,944554 0,804223 0,7465
2 0,736449 0,794624 0,888741 0,789073 0,73491
3 0,729506 0,784948 0,854982 0,775087 0,723603
4 0,722582 0,775269 0,821233 0,761092 0,71229
5 0,719418 0,767548 0,807334 0,752191 0,7052
6 0,716239 0,75981 0,793416 0,743278 0,698108
7 0,711382 0,748604 0,776769 0,733631 0,689702
8 0,706499 0,737376 0,760103 0,72395 0,681278
9 0,703363 0,730741 0,752981 0,71756 0,675884
10 0,700228 0,724081 0,745841 0,711147 0,670477
11 0,695124 0,718164 0,736086 0,70516 0,665498
12 0,689996 0,712231 0,726315 0,699144 0,660493
13 0,683851 0,705955 0,71907 0,692633 0,655211
14 0,677705 0,69969 0,711832 0,686139 0,64992
15 0,673526 0,694991 0,705909 0,681599 0,646378
16 0,669353 0,690302 0,699981 0,677085 0,642847
17 0,664863 0,68503 0,695062 0,672628 0,639073
18 0,660372 0,679754 0,690135 0,668148 0,635294
19 0,656551 0,674727 0,685436 0,664308 0,63242
20 0,652716 0,669691 0,68074 0,660455 0,629547
21 0,648317 0,66498 0,676136 0,655992 0,626317
22 0,643913 0,660255 0,671524 0,651515 0,623066
23 0,638445 0,654409 0,665801 0,645931 0,618179
24 0,632949 0,64855 0,660054 0,64034 0,613271
25 0,6295 0,644363 0,655715 0,636506 0,609611
26 0,626057 0,640188 0,651364 0,632676 0,605953
27 0,622268 0,636531 0,646833 0,628477 0,602296
28 0,618474 0,632861 0,642308 0,624275 0,598642
29 0,614887 0,629393 0,638458 0,620187 0,594511
30 0,611277 0,625911 0,634591 0,616085 0,590372
31 0,609933 0,624185 0,63177 0,613462 0,587948
32 0,608599 0,62246 0,628951 0,610833 0,585515
33 0,605496 0,618435 0,623958 0,605618 0,580661
34 0,602382 0,614412 0,618972 0,600386 0,575799
35 0,601279 0,612058 0,616194 0,597313 0,572315
36 0,600162 0,609693 0,613405 0,59424 0,568831
37 0,598465 0,607462 0,611028 0,591801 0,566276
38 0,596773 0,605225 0,608643 0,589371 0,563707
39 0,592572 0,600761 0,604364 0,585052 0,559177
40 0,588373 0,596296 0,600079 0,580729 0,554659
41 0,586741 0,593984 0,598399 0,578529 0,552147
42 0,585129 0,591679 0,59672 0,576333 0,549639
43 0,58275 0,589329 0,593879 0,573289 0,545995
44 0,580371 0,586964 0,591025 0,570229 0,542327
45 0,577198 0,583854 0,586764 0,565702 0,537859
46 0,574011 0,580737 0,582495 0,561153 0,533386
47 0,572909 0,57914 0,579889 0,557923 0,530305
48 0,571806 0,577554 0,577294 0,554709 0,527225
49 0,569334 0,574877 0,573437 0,550902 0,52331
50 0,566845 0,57218 0,569564 0,5471 0,51939
51 0,564479 0,569504 0,566481 0,544709 0,516767
52 0,562115 0,566836 0,563417 0,54233 0,514156
53 0,560118 0,564028 0,560744 0,539898 0,512351
54 0,558127 0,561226 0,558073 0,537458 0,510541
55 0,553823 0,556953 0,554077 0,533618 0,507286
56 0,549503 0,552671 0,550064 0,529771 0,504021
57 0,547377 0,550628 0,54806 0,527918 0,502469
58 0,54525 0,548592 0,54606 0,526068 0,500919
59 0,542572 0,546308 0,543582 0,523669 0,498916
60 0,539897 0,544022 0,541097 0,52126 0,4969
61 0,53688 0,54135 0,537798 0,518407 0,493928
62 0,533856 0,538685 0,534495 0,515556 0,490966
63 0,532445 0,537208 0,532979 0,513623 0,488927
64 0,531042 0,53573 0,531467 0,511694 0,486899
65 0,528145 0,531976 0,527513 0,508121 0,482692
66 0,52525 0,528216 0,52357 0,504543 0,47847
67 0,523743 0,526397 0,521559 0,502532 0,47603
68 0,522227 0,524573 0,519521 0,500523 0,473586
69 0,52125 0,523564 0,518211 0,499136 0,471888
70 0,520262 0,522544 0,516899 0,497727 0,470195
71 0,517528 0,519357 0,513872 0,494342 0,4668
72 0,514801 0,516159 0,510844 0,49095 0,463392
73 0,514822 0,515538 0,510797 0,490335 0,462395
74 0,514843 0,514902 0,510738 0,489723 0,461399
75 0,513431 0,513408 0,509395 0,488196 0,45957
76 0,512026 0,51191 0,508049 0,486662 0,457742
77 0,509509 0,509773 0,50564 0,48427 0,455772
78 0,506998 0,507646 0,503242 0,481872 0,453793
79 0,506195 0,506654 0,502318 0,480877 0,452986
80 0,505384 0,50565 0,501384 0,479875 0,452175
81 0,502683 0,502627 0,497892 0,47669 0,449086
82 0,499965 0,499595 0,494383 0,473501 0,445991
83 0,498378 0,49779 0,492071 0,471494 0,444536
84 0,496804 0,496001 0,489763 0,469492 0,44309
85 0,495446 0,494426 0,488268 0,467973 0,442214
86 0,494091 0,492858 0,486787 0,466456 0,441337
87 0,491621 0,48981 0,483829 0,463734 0,439012
88 0,489149 0,486766 0,480872 0,461014 0,436678
89 0,488813 0,48624 0,480276 0,460751 0,436608
90 0,488475 0,485706 0,479674 0,460491 0,436544
91 0,487637 0,48509 0,47863 0,46009 0,435554
92 0,486795 0,484485 0,477593 0,459689 0,434552
93 0,484872 0,482322 0,475165 0,457528 0,432707
94 0,48294 0,480145 0,472747 0,455363 0,430863
95 0,482492 0,4796 0,472239 0,455307 0,431315
96 0,482054 0,479059 0,471714 0,455253 0,431769
97 0,479846 0,476343 0,468876 0,452913 0,429672
98 0,477628 0,473618 0,466021 0,450567 0,427565
99 0,476151 0,471303 0,463854 0,448658 0,425508
100 0,474671 0,46898 0,461678 0,446748 0,423447
101 0,473181 0,467448 0,460553 0,44526 0,421709
102 0,471691 0,465925 0,459437 0,44376 0,419981
103 0,468985 0,463271 0,456928 0,441464 0,417047
104 0,466269 0,460608 0,454414 0,439172 0,414104
105 0,465562 0,460133 0,454043 0,438637 0,413155
106 0,464846 0,459653 0,453673 0,438086 0,412196
107 0,464594 0,459572 0,453413 0,437048 0,411296
108 0,464355 0,459504 0,453147 0,436008 0,410407
109 0,463492 0,459039 0,452079 0,434551 0,408542
110 0,462627 0,458582 0,451019 0,433103 0,406668
111 0,46231 0,458602 0,450492 0,432303 0,405867
112 0,462006 0,458605 0,449962 0,431501 0,405073
113 0,460521 0,457443 0,447872 0,428978 0,402787
114 0,459046 0,456291 0,445778 0,426461 0,400503
115 0,458759 0,456075 0,445387 0,42505 0,39877
116 0,458461 0,45585 0,444995 0,423637 0,39703
117 0,458208 0,455639 0,444594 0,422653 0,39597
118 0,45797 0,455431 0,444196 0,421659 0,394908
119 0,45517 0,451972 0,440754 0,418385 0,39106
120 0,452346 0,4485 0,437293 0,415096 0,38721
121 0,45148 0,446293 0,4354 0,412957 0,384795
122 0,450613 0,444066 0,433508 0,410803 0,382377
123 0,448835 0,441648 0,431001 0,408242 0,379852
124 0,44703 0,439234 0,428482 0,405677 0,377297
125 0,445867 0,437424 0,426896 0,403858 0,375628
126 0,444692 0,435593 0,425298 0,402033 0,373962
127 0,444472 0,435239 0,424945 0,401339 0,373453
128 0,44427 0,434887 0,424597 0,400635 0,372926
129 0,441419 0,432745 0,42217 0,398117 0,370549
130 0,438555 0,430606 0,419742 0,395591 0,368179
131 0,436992 0,429362 0,418692 0,394496 0,367254
132 0,43543 0,42812 0,417633 0,393403 0,366338
133 0,43404 0,426731 0,415968 0,392057 0,36506
134 0,43266 0,425362 0,414295 0,390717 0,363781
135 0,429566 0,4229 0,411698 0,388287 0,361118
136 0,426468 0,420427 0,409095 0,385862 0,358444
137 0,425795 0,42041 0,408851 0,386021 0,358076
138 0,425117 0,420384 0,40861 0,386176 0,35771
139 0,42388 0,419383 0,407552 0,385654 0,356745
140 0,422619 0,418384 0,406496 0,385129 0,355772
141 0,420401 0,416448 0,405167 0,383435 0,354028
142 0,418169 0,414477 0,403806 0,381724 0,352264
143 0,417221 0,413597 0,402952 0,38081 0,351126
144 0,416274 0,412728 0,402098 0,379887 0,349979
145 0,414261 0,410464 0,399333 0,377312 0,347107
146 0,412246 0,408181 0,396548 0,374725 0,344216
147 0,411029 0,406611 0,394633 0,372617 0,342242
148 0,409823 0,405044 0,392721 0,37051 0,340269
149 0,408437 0,403226 0,390695 0,368446 0,338344
150 0,407047 0,401393 0,388658 0,366369 0,336407
151 0,405066 0,398672 0,385724 0,36351 0,333511
152 0,403061 0,395924 0,38276 0,360629 0,330608
153 0,402737 0,39524 0,381679 0,359506 0,329572
154 0,402406 0,394564 0,380603 0,358394 0,328538
155 0,399943 0,392102 0,378019 0,3557 0,325939
156 0,39749 0,38964 0,375443 0,353009 0,323329
157 0,394992 0,387164 0,372832 0,350359 0,320556
158 0,39248 0,384694 0,370229 0,347702 0,317773
159 0,39168 0,383805 0,369583 0,346637 0,31661
160 0,390877 0,382902 0,368928 0,345568 0,315453
161 0,387915 0,379939 0,366111 0,342615 0,312759
162 0,384939 0,376965 0,363281 0,339654 0,310048
163 0,383345 0,374995 0,361027 0,337553 0,30793
164 0,381761 0,373033 0,358771 0,335444 0,305822
165 0,379588 0,370591 0,356245 0,332809 0,303352
166 0,3774 0,368142 0,353714 0,330174 0,300877
167 0,373916 0,364669 0,350218 0,326696 0,297139
168 0,37042 0,361184 0,346699 0,323213 0,293379
169 0,369758 0,360756 0,345894 0,322751 0,292404
170 0,369093 0,360325 0,34509 0,322268 0,291416
171 0,367138 0,358647 0,343148 0,320414 0,289271
172 0,365186 0,356962 0,341205 0,318555 0,287128
173 0,362375 0,353741 0,338219 0,315417 0,284002
174 0,359564 0,350505 0,335214 0,312278 0,280864
175 0,358628 0,34954 0,333978 0,311352 0,279948
176 0,357667 0,348551 0,33273 0,310417 0,279013
177 0,354794 0,345599 0,329303 0,307242 0,275918
178 0,351911 0,342636 0,325857 0,304047 0,272808
179 0,349881 0,339831 0,323322 0,301445 0,270761
