-179 0,463552 0,485405 0,49505 0,479348 0,46674
-178 0,465624 0,487454 0,49685 0,481044 0,468179
-177 0,467611 0,489315 0,498411 0,482391 0,469318
-176 0,469351 0,490991 0,499902 0,483816 0,470564
-175 0,470719 0,492322 0,500922 0,484718 0,471358
-174 0,472105 0,493648 0,50197 0,485626 0,472205
-173 0,473317 0,494872 0,502883 0,486499 0,472867
-172 0,474269 0,495729 0,503356 0,48697 0,472993
-171 0,475361 0,496654 0,50403 0,487526 0,47339
-170 0,476353 0,497486 0,504794 0,488036 0,47372
-169 0,477499 0,498317 0,505733 0,488703 0,474288
-168 0,478596 0,499176 0,506874 0,489455 0,475043
-167 0,479963 0,500465 0,508457 0,490711 0,476019
-166 0,482044 0,502556 0,510792 0,492781 0,477918
-165 0,483824 0,504427 0,51283 0,494463 0,479427
-164 0,485497 0,506312 0,514775 0,496043 0,480596
-163 0,487144 0,508044 0,516644 0,497641 0,481938
-162 0,488785 0,509673 0,518365 0,499312 0,483358
-161 0,490764 0,511716 0,520471 0,501447 0,48538
-160 0,493494 0,514452 0,523249 0,50417 0,488155
-159 0,495942 0,516938 0,525693 0,50668 0,490492
-158 0,498273 0,519275 0,52797 0,50917 0,492844
-157 0,500706 0,521857 0,530489 0,51183 0,495361
-156 0,502912 0,52424 0,53295 0,514368 0,497776
-155 0,505388 0,526961 0,535738 0,517164 0,500406
-154 0,507445 0,529388 0,538266 0,519847 0,50287
-153 0,508971 0,53138 0,540294 0,52211 0,504942
-152 0,510558 0,533492 0,542584 0,524453 0,506959
-151 0,511727 0,535065 0,544428 0,526361 0,508588
-150 0,512625 0,536153 0,545877 0,527624 0,509766
-149 0,513383 0,537044 0,547227 0,528637 0,510795
-148 0,51397 0,537733 0,548196 0,529287 0,511439
-147 0,514331 0,538179 0,549068 0,529802 0,511878
-146 0,515069 0,538888 0,550025 0,530556 0,512601
-145 0,515786 0,539501 0,550893 0,53106 0,513177
-144 0,516287 0,53995 0,551681 0,531504 0,513876
-143 0,516889 0,540392 0,552097 0,531744 0,51447
-142 0,517567 0,540842 0,552557 0,532127 0,514958
-141 0,518331 0,541441 0,552965 0,53266 0,515642
-140 0,519285 0,542056 0,553495 0,533233 0,516434
-139 0,520578 0,542902 0,554553 0,534317 0,517574
-138 0,522029 0,543993 0,555719 0,535557 0,519031
-137 0,52322 0,544879 0,556618 0,536469 0,520079
-136 0,523839 0,545389 0,557161 0,537024 0,52075
-135 0,524866 0,54631 0,558049 0,537862 0,521569
-134 0,525938 0,547432 0,559001 0,538738 0,522343
-133 0,526631 0,548343 0,559745 0,53941 0,523199
-132 0,527367 0,549397 0,560538 0,540071 0,524388
-131 0,528155 0,550468 0,56128 0,540557 0,52543
-130 0,528819 0,551242 0,561749 0,540948 0,526299
-129 0,529271 0,551777 0,562044 0,541221 0,527201
-128 0,529909 0,552401 0,562347 0,54147 0,52783
-127 0,530054 0,552629 0,562241 0,541259 0,527822
-126 0,529803 0,552613 0,561977 0,540874 0,527477
-125 0,529675 0,552373 0,561521 0,540527 0,527028
-124 0,529757 0,55228 0,561239 0,54025 0,52653
-123 0,529628 0,552015 0,56084 0,539931 0,525886
-122 0,529541 0,55174 0,560324 0,539575 0,524987
-121 0,529488 0,551437 0,559739 0,539162 0,523859
-120 0,529211 0,55076 0,558991 0,538811 0,522816
-119 0,529577 0,550806 0,559074 0,539089 0,522624
-118 0,530357 0,55114 0,559639 0,539619 0,522859
-117 0,530963 0,551386 0,560033 0,539872 0,522898
-116 0,531633 0,551845 0,560615 0,540158 0,522878
-115 0,532281 0,552171 0,561045 0,540319 0,522654
-114 0,5329 0,552617 0,561552 0,540558 0,522692
-113 0,533294 0,552756 0,561825 0,540497 0,522504
-112 0,53365 0,552998 0,562106 0,540311 0,52216
-111 0,533518 0,552787 0,561793 0,539603 0,521487
-110 0,533507 0,552521 0,561423 0,538866 0,520727
-109 0,533564 0,552486 0,561337 0,538621 0,520518
-108 0,533992 0,552782 0,56143 0,538522 0,520562
-107 0,534867 0,553596 0,561842 0,538807 0,520832
-106 0,535957 0,554513 0,562461 0,539498 0,521652
-105 0,537261 0,555615 0,563328 0,540329 0,522792
-104 0,538275 0,556369 0,563823 0,540897 0,523494
-103 0,539283 0,557062 0,564426 0,541493 0,524096
-102 0,541 0,558528 0,565706 0,542772 0,525391
-101 0,542563 0,560076 0,56709 0,544412 0,527034
-100 0,54378 0,561215 0,568164 0,545744 0,528306
-99 0,545189 0,562391 0,569268 0,547092 0,529313
-98 0,546701 0,563799 0,570885 0,549042 0,530922
-97 0,547824 0,564802 0,572388 0,55102 0,532621
-96 0,548811 0,565756 0,573915 0,553007 0,534585
-95 0,549442 0,566461 0,575246 0,554745 0,536406
-94 0,550261 0,567424 0,576953 0,556914 0,538639
-93 0,551217 0,56855 0,578753 0,559079 0,540973
-92 0,551812 0,56928 0,580092 0,560626 0,542858
-91 0,552306 0,569778 0,581307 0,561961 0,5445
-90 0,552439 0,56992 0,582181 0,56294 0,545724
-89 0,552229 0,56983 0,582845 0,563748 0,546756
-88 0,552094 0,569901 0,583506 0,564736 0,547711
-87 0,552612 0,570703 0,584658 0,566331 0,549094
-86 0,553296 0,571508 0,585933 0,568089 0,550756
-85 0,553891 0,572291 0,587096 0,569594 0,55218
-84 0,554633 0,573306 0,588284 0,570941 0,5536
-83 0,555167 0,573892 0,588969 0,571674 0,554403
-82 0,556108 0,574754 0,590008 0,572483 0,555193
-81 0,557477 0,576023 0,591295 0,573525 0,556417
-80 0,558739 0,577196 0,59225 0,574338 0,557104
-79 0,560228 0,578397 0,593289 0,575266 0,557845
-78 0,56211 0,579957 0,594635 0,576376 0,558821
-77 0,564106 0,58181 0,59635 0,577814 0,560252
-76 0,56632 0,58397 0,598436 0,579546 0,562236
-75 0,568415 0,586108 0,600523 0,581251 0,564044
-74 0,570906 0,588641 0,603006 0,583352 0,566123
-73 0,573556 0,59132 0,605577 0,585666 0,568182
-72 0,576319 0,594107 0,608175 0,588269 0,570355
-71 0,579673 0,597331 0,611112 0,591328 0,572999
-70 0,583025 0,600463 0,614169 0,594485 0,575784
-69 0,586202 0,603503 0,617169 0,597362 0,578357
-68 0,589438 0,606757 0,620459 0,600405 0,58111
-67 0,592469 0,609882 0,623739 0,603548 0,583851
-66 0,59539 0,612794 0,626701 0,606434 0,586394
-65 0,598479 0,615854 0,629903 0,609532 0,589122
-64 0,601569 0,618957 0,633122 0,612845 0,592026
-63 0,603827 0,621346 0,635534 0,61554 0,594569
-62 0,605658 0,623436 0,63765 0,618154 0,597268
-61 0,60767 0,625453 0,639964 0,620522 0,59991
-60 0,609605 0,627421 0,642368 0,622822 0,602665
-59 0,611271 0,62923 0,644585 0,624954 0,605189
-58 0,613082 0,631311 0,647297 0,627368 0,607801
-57 0,615674 0,634231 0,650802 0,63077 0,611262
-56 0,618491 0,63726 0,654358 0,634547 0,615053
-55 0,621497 0,640318 0,657972 0,638574 0,61906
-54 0,624391 0,643263 0,6613 0,642346 0,622619
-53 0,627073 0,646041 0,664321 0,645907 0,625822
-52 0,630085 0,649068 0,667521 0,649445 0,628897
-51 0,633367 0,652545 0,671032 0,652881 0,632029
-50 0,636786 0,656176 0,674898 0,656601 0,63566
-49 0,640421 0,65996 0,678917 0,660414 0,639383
-48 0,644407 0,663965 0,683244 0,664362 0,643229
-47 0,647797 0,667564 0,68705 0,667801 0,646662
-46 0,651277 0,671267 0,690806 0,671244 0,650142
-45 0,654852 0,674927 0,694586 0,67489 0,653673
-44 0,658643 0,67871 0,69822 0,678264 0,656975
-43 0,662018 0,681987 0,701419 0,681127 0,659816
-42 0,665178 0,684862 0,704247 0,683625 0,662279
-41 0,668693 0,688144 0,707526 0,686416 0,664903
-40 0,672228 0,691559 0,71091 0,6895 0,667809
-39 0,676235 0,695329 0,714446 0,692934 0,6709
-38 0,680146 0,699255 0,718299 0,696636 0,674249
-37 0,683846 0,70296 0,721833 0,700106 0,677309
-36 0,687393 0,706591 0,725252 0,703272 0,679824
-35 0,69075 0,710016 0,728742 0,706269 0,682135
-34 0,694375 0,713552 0,732307 0,709022 0,684259
-33 0,697961 0,717438 0,736276 0,712177 0,686877
-32 0,701295 0,721118 0,740248 0,715589 0,689673
-31 0,704187 0,724435 0,743995 0,718605 0,692281
-30 0,706854 0,727779 0,747922 0,72196 0,695391
-29 0,709527 0,730939 0,751681 0,725287 0,698737
-28 0,712175 0,734076 0,755136 0,728293 0,701966
-27 0,714633 0,737177 0,758698 0,731437 0,70535
-26 0,716974 0,739903 0,762039 0,73442 0,708534
-25 0,719661 0,74288 0,765787 0,738005 0,711893
-24 0,722647 0,746214 0,770011 0,742093 0,715639
-23 0,725768 0,749439 0,773895 0,745776 0,718927
-22 0,729044 0,752715 0,777691 0,749349 0,722006
-21 0,732251 0,756067 0,781439 0,753024 0,725324
-20 0,735439 0,759618 0,785403 0,756796 0,72865
-19 0,738064 0,762883 0,789135 0,760394 0,731692
-18 0,740405 0,766108 0,792792 0,763817 0,734543
-17 0,74313 0,769786 0,796984 0,767633 0,737833
-16 0,74584 0,773599 0,801352 0,771831 0,741488
-15 0,748873 0,777689 0,806042 0,776066 0,74511
-14 0,752791 0,782949 0,811828 0,781146 0,749554
-13 0,757227 0,789089 0,818317 0,786484 0,754251
-12 0,762153 0,795608 0,825562 0,792436 0,759525
-11 0,767516 0,802679 0,833925 0,799106 0,765126
-10 0,773052 0,809903 0,842686 0,806156 0,770758
-9 0,779042 0,817375 0,851879 0,81399 0,776573
-8 0,785736 0,825359 0,861972 0,822736 0,782589
-7 0,79266 0,833667 0,873637 0,832651 0,788929
-6 0,799319 0,841912 0,885615 0,842173 0,794877
-5 0,805982 0,850698 0,900033 0,851769 0,80113
-4 0,81246 0,859281 0,913861 0,860376 0,807244
-3 0,819532 0,868882 0,933957 0,869272 0,814543
-2 0,825836 0,877524 0,953569 0,877286 0,821708
-1 0,832648 0,886908 0,978282 0,886169 0,82976
0 0,836727 0,893553 0,999998 0,893553 0,836727
1 0,82976 0,886169 0,978282 0,886908 0,832648
2 0,821708 0,877286 0,953569 0,877524 0,825836
3 0,814543 0,869272 0,933957 0,868882 0,819532
4 0,807244 0,860376 0,913861 0,859281 0,81246
5 0,80113 0,851769 0,900033 0,850698 0,805982
6 0,794877 0,842173 0,885615 0,841912 0,799319
7 0,788929 0,832651 0,873637 0,833667 0,79266
8 0,782589 0,822736 0,861972 0,825359 0,785736
9 0,776573 0,81399 0,851879 0,817375 0,779042
10 0,770758 0,806156 0,842686 0,809903 0,773052
11 0,765126 0,799106 0,833925 0,802679 0,767516
12 0,759525 0,792436 0,825562 0,795608 0,762153
13 0,754251 0,786484 0,818317 0,789089 0,757227
14 0,749554 0,781146 0,811828 0,782949 0,752791
15 0,74511 0,776066 0,806042 0,777689 0,748873
16 0,741488 0,771831 0,801352 0,773599 0,74584
17 0,737833 0,767633 0,796984 0,769786 0,74313
18 0,734543 0,763817 0,792792 0,766108 0,740405
19 0,731692 0,760394 0,789135 0,762883 0,738064
20 0,72865 0,756796 0,785403 0,759618 0,735439
21 0,725324 0,753024 0,781439 0,756067 0,732251
22 0,722006 0,749349 0,777691 0,752715 0,729044
23 0,718927 0,745776 0,773895 0,749439 0,725768
24 0,715639 0,742093 0,770011 0,746214 0,722647
25 0,711893 0,738005 0,765787 0,74288 0,719661
26 0,708534 0,73442 0,762039 0,739903 0,716974
27 0,70535 0,731437 0,758698 0,737177 0,714633
28 0,701966 0,728293 0,755136 0,734076 0,712175
29 0,698737 0,725287 0,751681 0,730939 0,709527
30 0,695391 0,72196 0,747922 0,727779 0,706854
31 0,692281 0,718605 0,743995 0,724435 0,704187
32 0,689673 0,715589 0,740248 0,721118 0,701295
33 0,686877 0,712177 0,736276 0,717438 0,697961
34 0,684259 0,709022 0,732307 0,713552 0,694375
35 0,682135 0,706269 0,728742 0,710016 0,69075
36 0,679824 0,703272 0,725252 0,706591 0,687393
37 0,677309 0,700106 0,721833 0,70296 0,683846
38 0,674249 0,696636 0,718299 0,699255 0,680146
39 0,6709 0,692934 0,714446 0,695329 0,676235
40 0,667809 0,6895 0,71091 0,691559 0,672228
41 0,664903 0,686416 0,707526 0,688144 0,668693
42 0,662279 0,683625 0,704247 0,684862 0,665178
43 0,659816 0,681127 0,701419 0,681987 0,662018
44 0,656975 0,678264 0,69822 0,67871 0,658643
45 0,653673 0,67489 0,694586 0,674927 0,654852
46 0,650142 0,671244 0,690806 0,671267 0,651277
47 0,646662 0,667801 0,68705 0,667564 0,647797
48 0,643229 0,664362 0,683244 0,663965 0,644407
49 0,639383 0,660414 0,678917 0,65996 0,640421
50 0,63566 0,656601 0,674898 0,656176 0,636786
51 0,632029 0,652881 0,671032 0,652545 0,633367
52 0,628897 0,649445 0,667521 0,649068 0,630085
53 0,625822 0,645907 0,664321 0,646041 0,627073
54 0,622619 0,642346 0,6613 0,643263 0,624391
55 0,61906 0,638574 0,657972 0,640318 0,621497
56 0,615053 0,634547 0,654358 0,63726 0,618491
57 0,611262 0,63077 0,650802 0,634231 0,615674
58 0,607801 0,627368 0,647297 0,631311 0,613082
59 0,605189 0,624954 0,644585 0,62923 0,611271
60 0,602665 0,622822 0,642368 0,627421 0,609605
61 0,59991 0,620522 0,639964 0,625453 0,60767
62 0,597268 0,618154 0,63765 0,623436 0,605658
63 0,594569 0,61554 0,635534 0,621346 0,603827
64 0,592026 0,612845 0,633122 0,618957 0,601569
65 0,589122 0,609532 0,629903 0,615854 0,598479
66 0,586394 0,606434 0,626701 0,612794 0,59539
67 0,583851 0,603548 0,623739 0,609882 0,592469
68 0,58111 0,600405 0,620459 0,606757 0,589438
69 0,578357 0,597362 0,617169 0,603503 0,586202
70 0,575784 0,594485 0,614169 0,600463 0,583025
71 0,572999 0,591328 0,611112 0,597331 0,579673
72 0,570355 0,588269 0,608175 0,594107 0,576319
73 0,568182 0,585666 0,605577 0,59132 0,573556
74 0,566123 0,583352 0,603006 0,588641 0,570906
75 0,564044 0,581251 0,600523 0,586108 0,568415
76 0,562236 0,579546 0,598436 0,58397 0,56632
77 0,560252 0,577814 0,59635 0,58181 0,564106
78 0,558821 0,576376 0,594635 0,579957 0,56211
79 0,557845 0,575266 0,593289 0,578397 0,560228
80 0,557104 0,574338 0,59225 0,577196 0,558739
81 0,556417 0,573525 0,591295 0,576023 0,557477
82 0,555193 0,572483 0,590008 0,574754 0,556108
83 0,554403 0,571674 0,588969 0,573892 0,555167
84 0,5536 0,570941 0,588284 0,573306 0,554633
85 0,55218 0,569594 0,587096 0,572291 0,553891
86 0,550756 0,568089 0,585933 0,571508 0,553296
87 0,549094 0,566331 0,584658 0,570703 0,552612
88 0,547711 0,564736 0,583506 0,569901 0,552094
89 0,546756 0,563748 0,582845 0,56983 0,552229
90 0,545724 0,56294 0,582181 0,56992 0,552439
91 0,5445 0,561961 0,581307 0,569778 0,552306
92 0,542858 0,560626 0,580092 0,56928 0,551812
93 0,540973 0,559079 0,578753 0,56855 0,551217
94 0,538639 0,556914 0,576953 0,567424 0,550261
95 0,536406 0,554745 0,575246 0,566461 0,549442
96 0,534585 0,553007 0,573915 0,565756 0,548811
97 0,532621 0,55102 0,572388 0,564802 0,547824
98 0,530922 0,549042 0,570885 0,563799 0,546701
99 0,529313 0,547092 0,569268 0,562391 0,545189
100 0,528306 0,545744 0,568164 0,561215 0,54378
101 0,527034 0,544412 0,56709 0,560076 0,542563
102 0,525391 0,542772 0,565706 0,558528 0,541
103 0,524096 0,541493 0,564426 0,557062 0,539283
104 0,523494 0,540897 0,563823 0,556369 0,538275
105 0,522792 0,540329 0,563328 0,555615 0,537261
106 0,521652 0,539498 0,562461 0,554513 0,535957
107 0,520832 0,538807 0,561842 0,553596 0,534867
108 0,520562 0,538522 0,56143 0,552782 0,533992
109 0,520518 0,538621 0,561337 0,552486 0,533564
110 0,520727 0,538866 0,561423 0,552521 0,533507
111 0,521487 0,539603 0,561793 0,552787 0,533518
112 0,52216 0,540311 0,562106 0,552998 0,53365
113 0,522504 0,540497 0,561825 0,552756 0,533294
114 0,522692 0,540558 0,561552 0,552617 0,5329
115 0,522654 0,540319 0,561045 0,552171 0,532281
116 0,522878 0,540158 0,560615 0,551845 0,531633
117 0,522898 0,539872 0,560033 0,551386 0,530963
118 0,522859 0,539619 0,559639 0,55114 0,530357
119 0,522624 0,539089 0,559074 0,550806 0,529577
120 0,522816 0,538811 0,558991 0,55076 0,529211
121 0,523859 0,539162 0,559739 0,551437 0,529488
122 0,524987 0,539575 0,560324 0,55174 0,529541
123 0,525886 0,539931 0,56084 0,552015 0,529628
124 0,52653 0,54025 0,561239 0,55228 0,529757
125 0,527028 0,540527 0,561521 0,552373 0,529675
126 0,527477 0,540874 0,561977 0,552613 0,529803
127 0,527822 0,541259 0,562241 0,552629 0,530054
128 0,52783 0,54147 0,562347 0,552401 0,529909
129 0,527201 0,541221 0,562044 0,551777 0,529271
130 0,526299 0,540948 0,561749 0,551242 0,528819
131 0,52543 0,540557 0,56128 0,550468 0,528155
132 0,524388 0,540071 0,560538 0,549397 0,527367
133 0,523199 0,53941 0,559745 0,548343 0,526631
134 0,522343 0,538738 0,559001 0,547432 0,525938
135 0,521569 0,537862 0,558049 0,54631 0,524866
136 0,52075 0,537024 0,557161 0,545389 0,523839
137 0,520079 0,536469 0,556618 0,544879 0,52322
138 0,519031 0,535557 0,555719 0,543993 0,522029
139 0,517574 0,534317 0,554553 0,542902 0,520578
140 0,516434 0,533233 0,553495 0,542056 0,519285
141 0,515642 0,53266 0,552965 0,541441 0,518331
142 0,514958 0,532127 0,552557 0,540842 0,517567
143 0,51447 0,531744 0,552097 0,540392 0,516889
144 0,513876 0,531504 0,551681 0,53995 0,516287
145 0,513177 0,53106 0,550893 0,539501 0,515786
146 0,512601 0,530556 0,550025 0,538888 0,515069
147 0,511878 0,529802 0,549068 0,538179 0,514331
148 0,511439 0,529287 0,548196 0,537733 0,51397
149 0,510795 0,528637 0,547227 0,537044 0,513383
150 0,509766 0,527624 0,545877 0,536153 0,512625
151 0,508588 0,526361 0,544428 0,535065 0,511727
152 0,506959 0,524453 0,542584 0,533492 0,510558
153 0,504942 0,52211 0,540294 0,53138 0,508971
154 0,50287 0,519847 0,538266 0,529388 0,507445
155 0,500406 0,517164 0,535738 0,526961 0,505388
156 0,497776 0,514368 0,53295 0,52424 0,502912
157 0,495361 0,51183 0,530489 0,521857 0,500706
158 0,492844 0,50917 0,52797 0,519275 0,498273
159 0,490492 0,50668 0,525693 0,516938 0,495942
160 0,488155 0,50417 0,523249 0,514452 0,493494
161 0,48538 0,501447 0,520471 0,511716 0,490764
162 0,483358 0,499312 0,518365 0,509673 0,488785
163 0,481938 0,497641 0,516644 0,508044 0,487144
164 0,480596 0,496043 0,514775 0,506312 0,485497
165 0,479427 0,494463 0,51283 0,504427 0,483824
166 0,477918 0,492781 0,510792 0,502556 0,482044
167 0,476019 0,490711 0,508457 0,500465 0,479963
168 0,475043 0,489455 0,506874 0,499176 0,478596
169 0,474288 0,488703 0,505733 0,498317 0,477499
170 0,47372 0,488036 0,504794 0,497486 0,476353
171 0,47339 0,487526 0,50403 0,496654 0,475361
172 0,472993 0,48697 0,503356 0,495729 0,474269
173 0,472867 0,486499 0,502883 0,494872 0,473317
174 0,472205 0,485626 0,50197 0,493648 0,472105
175 0,471358 0,484718 0,500922 0,492322 0,470719
176 0,470564 0,483816 0,499902 0,490991 0,469351
177 0,469318 0,482391 0,498411 0,489315 0,467611
178 0,468179 0,481044 0,49685 0,487454 0,465624
179 0,46674 0,479348 0,49505 0,485405 0,463552
