-179 0,519149 0,541571 0,554842 0,558256 0,555419
-178 0,520081 0,542492 0,555647 0,559187 0,556295
-177 0,521061 0,543312 0,55623 0,559821 0,556662
-176 0,522057 0,544141 0,556825 0,56045 0,557023
-175 0,522927 0,544665 0,557242 0,561025 0,557253
-174 0,523806 0,545195 0,557663 0,561602 0,557484
-173 0,525193 0,54596 0,558703 0,56222 0,558224
-172 0,526572 0,546726 0,559742 0,562849 0,55896
-171 0,527309 0,547197 0,560414 0,563129 0,559006
-170 0,528038 0,547657 0,561068 0,563392 0,559041
-169 0,529057 0,548801 0,562155 0,564644 0,559721
-168 0,530095 0,549947 0,563238 0,565891 0,560412
-167 0,53129 0,551204 0,564624 0,567286 0,561607
-166 0,532488 0,552468 0,56601 0,568663 0,562804
-165 0,533639 0,553497 0,567191 0,56966 0,563688
-164 0,534795 0,554524 0,56838 0,570654 0,564558
-163 0,535407 0,555197 0,568769 0,57099 0,564864
-162 0,535994 0,555856 0,569141 0,571313 0,56516
-161 0,536577 0,557082 0,569856 0,571962 0,565917
-160 0,537159 0,5583 0,570563 0,572616 0,566686
-159 0,538443 0,559524 0,571546 0,573336 0,567434
-158 0,53973 0,560762 0,572547 0,574081 0,568188
-157 0,540777 0,561867 0,573547 0,575176 0,569293
-156 0,541801 0,562959 0,574534 0,576254 0,570379
-155 0,54262 0,563687 0,575523 0,577062 0,571275
-154 0,543441 0,564415 0,576509 0,577874 0,572155
-153 0,543719 0,564918 0,576726 0,578153 0,572183
-152 0,544003 0,565401 0,576928 0,578439 0,572218
-151 0,544373 0,565949 0,577614 0,578713 0,572527
-150 0,544742 0,566508 0,578315 0,578986 0,572855
-149 0,545322 0,566976 0,578788 0,579319 0,573254
-148 0,5459 0,567459 0,579262 0,579651 0,573653
-147 0,546098 0,567594 0,579275 0,579354 0,573468
-146 0,546285 0,567714 0,579289 0,57907 0,573281
-145 0,546436 0,568095 0,57938 0,578991 0,573384
-144 0,546584 0,568475 0,579475 0,578903 0,573471
-143 0,547654 0,569403 0,580189 0,579232 0,573933
-142 0,548727 0,570329 0,580904 0,579556 0,574397
-141 0,549549 0,571444 0,581809 0,580421 0,575034
-140 0,550359 0,57256 0,582718 0,581284 0,575661
-139 0,551231 0,573402 0,583955 0,582191 0,576195
-138 0,552103 0,574238 0,585186 0,583096 0,57674
-137 0,553013 0,574975 0,585902 0,583536 0,577015
-136 0,553933 0,575714 0,586622 0,583988 0,577286
-135 0,554319 0,576361 0,587085 0,584267 0,577285
-134 0,554709 0,577006 0,587547 0,584545 0,577291
-133 0,555141 0,577245 0,588117 0,58474 0,57744
-132 0,555589 0,577497 0,588691 0,584938 0,577586
-131 0,555466 0,577491 0,588784 0,585163 0,577728
-130 0,555343 0,577477 0,588873 0,585377 0,57787
-129 0,555059 0,57743 0,588695 0,585052 0,578055
-128 0,554738 0,577365 0,588493 0,584699 0,57824
-127 0,553402 0,57615 0,587381 0,583492 0,577113
-126 0,552077 0,574945 0,586261 0,582279 0,575976
-125 0,551303 0,574001 0,585602 0,581816 0,575343
-124 0,550539 0,573068 0,584952 0,581363 0,574711
-123 0,551306 0,573545 0,585822 0,582071 0,575139
-122 0,552095 0,574037 0,586694 0,582786 0,57558
-121 0,552195 0,57427 0,58661 0,583092 0,575151
-120 0,552322 0,574525 0,586536 0,583413 0,574719
-119 0,552868 0,574998 0,586806 0,583918 0,574905
-118 0,553422 0,575465 0,587075 0,584407 0,575095
-117 0,554157 0,576187 0,587782 0,584837 0,575226
-116 0,554901 0,576917 0,588496 0,585283 0,575357
-115 0,555891 0,578003 0,58948 0,585898 0,575707
-114 0,556869 0,579081 0,590467 0,586502 0,576057
-113 0,557887 0,580291 0,591852 0,587576 0,576754
-112 0,558893 0,581479 0,593218 0,588655 0,577447
-111 0,559597 0,582204 0,593761 0,588881 0,577445
-110 0,560268 0,582924 0,594291 0,589101 0,577436
-109 0,560983 0,583256 0,594452 0,589023 0,577238
-108 0,561682 0,583579 0,594621 0,588943 0,577053
-107 0,56248 0,584285 0,594763 0,589218 0,576963
-106 0,563298 0,585003 0,594919 0,589497 0,576876
-105 0,563934 0,585354 0,595108 0,589316 0,576864
-104 0,564596 0,585718 0,5953 0,58914 0,576868
-103 0,564237 0,585186 0,594871 0,588484 0,576353
-102 0,563897 0,584678 0,594466 0,587852 0,575835
-101 0,563992 0,584658 0,594254 0,587873 0,575946
-100 0,564074 0,584626 0,594034 0,587892 0,576049
-99 0,564804 0,585076 0,594285 0,58836 0,576266
-98 0,565518 0,58552 0,594521 0,588809 0,576477
-97 0,566234 0,586048 0,594983 0,589269 0,576945
-96 0,56695 0,586577 0,595461 0,58975 0,577421
-95 0,567078 0,586548 0,595546 0,589897 0,577348
-94 0,567184 0,586516 0,595623 0,590044 0,577271
-93 0,567863 0,587143 0,596291 0,590705 0,57778
-92 0,568533 0,587753 0,596967 0,591368 0,578294
-91 0,569202 0,58814 0,597544 0,591945 0,578648
-90 0,569874 0,588533 0,59811 0,59251 0,579
-89 0,570435 0,588766 0,599029 0,593304 0,579742
-88 0,570988 0,588991 0,599939 0,594103 0,580493
-87 0,572042 0,589837 0,601 0,595313 0,58123
-86 0,573088 0,59067 0,602076 0,596541 0,581975
-85 0,574283 0,592083 0,603063 0,597498 0,582553
-84 0,57548 0,59348 0,604034 0,598446 0,583138
-83 0,576628 0,594945 0,605123 0,598944 0,583774
-82 0,577769 0,5964 0,606193 0,599428 0,584412
-81 0,579532 0,598147 0,607584 0,600648 0,585378
-80 0,581304 0,599905 0,608973 0,601871 0,586328
-79 0,583011 0,601309 0,61053 0,603236 0,587567
-78 0,584737 0,602718 0,612098 0,604604 0,58882
-77 0,586104 0,604049 0,613234 0,605682 0,589813
-76 0,587462 0,60539 0,614366 0,606759 0,590818
-75 0,588421 0,606026 0,614624 0,60701 0,591115
-74 0,589366 0,606663 0,614884 0,607268 0,591413
-73 0,590406 0,607905 0,61605 0,608049 0,591851
-72 0,591453 0,609153 0,617231 0,608847 0,592297
-71 0,592879 0,610617 0,618463 0,610023 0,592918
-70 0,594298 0,612072 0,619685 0,611195 0,593533
-69 0,595818 0,613408 0,621437 0,61243 0,594713
-68 0,59734 0,614739 0,62318 0,613652 0,595894
-67 0,598927 0,616355 0,625092 0,615179 0,597202
-66 0,600504 0,617973 0,627007 0,616704 0,598494
-65 0,602548 0,61983 0,629074 0,618338 0,6
-64 0,604605 0,621669 0,631147 0,619951 0,601514
-63 0,606534 0,623484 0,632764 0,621551 0,60302
-62 0,608462 0,625303 0,634382 0,623163 0,604511
-61 0,610605 0,627129 0,636226 0,625168 0,606345
-60 0,612734 0,628966 0,638063 0,627192 0,608185
-59 0,613943 0,63066 0,640027 0,628773 0,609662
-58 0,615145 0,632339 0,641983 0,630347 0,611137
-57 0,616684 0,634535 0,644759 0,632976 0,613053
-56 0,618222 0,636723 0,647525 0,635595 0,614971
-55 0,619392 0,638501 0,649814 0,63809 0,617203
-54 0,620554 0,64026 0,652101 0,640562 0,619436
-53 0,622205 0,642324 0,654684 0,643042 0,621674
-52 0,623867 0,644391 0,657252 0,645514 0,623886
-51 0,625489 0,646709 0,659983 0,648093 0,626378
-50 0,627099 0,649026 0,662695 0,650672 0,628862
-49 0,629104 0,65159 0,665643 0,653209 0,63106
-48 0,631094 0,654129 0,668603 0,655743 0,633276
-47 0,634002 0,657251 0,671848 0,658517 0,635681
-46 0,636902 0,660372 0,675079 0,661293 0,638071
-45 0,639924 0,663666 0,678687 0,66393 0,64069
-44 0,642939 0,666962 0,682294 0,666561 0,643299
-43 0,646087 0,669814 0,68559 0,669085 0,645654
-42 0,64923 0,672657 0,688875 0,671599 0,648001
-41 0,652602 0,675333 0,691847 0,674387 0,650023
-40 0,655965 0,678011 0,694815 0,677162 0,652039
-39 0,659121 0,680962 0,698019 0,680234 0,654974
-38 0,662271 0,683899 0,701232 0,683298 0,657902
-37 0,665435 0,687359 0,704754 0,686733 0,661166
-36 0,668599 0,690806 0,708247 0,690162 0,664417
-35 0,671631 0,693739 0,711338 0,692913 0,666786
-34 0,674644 0,696674 0,714422 0,695659 0,669151
-33 0,677578 0,699855 0,718179 0,699051 0,672069
-32 0,680499 0,703014 0,721925 0,702429 0,674981
-31 0,682548 0,705502 0,725109 0,705319 0,677406
-30 0,684616 0,707998 0,728294 0,708235 0,679851
-29 0,686502 0,710554 0,731466 0,710838 0,682294
-28 0,688396 0,713108 0,734644 0,713442 0,684734
-27 0,689857 0,715257 0,737679 0,716259 0,687536
-26 0,691324 0,717424 0,740727 0,719073 0,690339
-25 0,693756 0,7204 0,74432 0,722454 0,693196
-24 0,696185 0,723367 0,747908 0,725827 0,696049
-23 0,698444 0,725974 0,75102 0,728289 0,698035
-22 0,700688 0,728555 0,754113 0,730731 0,699995
-21 0,70242 0,731159 0,757146 0,733231 0,702305
-20 0,704143 0,733764 0,760188 0,735724 0,704603
-19 0,705547 0,736029 0,763246 0,738153 0,706645
-18 0,706959 0,738304 0,766292 0,740591 0,7087
-17 0,708299 0,740462 0,768979 0,742951 0,7107
-16 0,709635 0,742612 0,77166 0,745306 0,712707
-15 0,711983 0,746077 0,77612 0,749081 0,715825
-14 0,714391 0,749607 0,78064 0,752926 0,719006
-13 0,718415 0,754804 0,785911 0,757705 0,723316
-12 0,72244 0,760005 0,791181 0,762481 0,727626
-11 0,727271 0,765456 0,799149 0,767784 0,732209
-10 0,732102 0,770885 0,807108 0,77307 0,736793
-9 0,736896 0,776275 0,813609 0,779174 0,740755
-8 0,741683 0,781666 0,820093 0,785269 0,744717
-7 0,747742 0,789142 0,832709 0,793453 0,748859
-6 0,753791 0,796595 0,845296 0,801625 0,752992
-5 0,758781 0,804734 0,858017 0,80888 0,756927
-4 0,763766 0,812879 0,870734 0,81616 0,760847
-3 0,769811 0,822686 0,894921 0,824274 0,766779
-2 0,775886 0,832527 0,919095 0,832399 0,772714
-1 0,781693 0,841412 0,959543 0,841343 0,780104
0 0,787452 0,850222 0,999998 0,850222 0,787452
1 0,780104 0,841343 0,959543 0,841412 0,781693
2 0,772714 0,832399 0,919095 0,832527 0,775886
3 0,766779 0,824274 0,894921 0,822686 0,769811
4 0,760847 0,81616 0,870734 0,812879 0,763766
5 0,756927 0,80888 0,858017 0,804734 0,758781
6 0,752992 0,801625 0,845296 0,796595 0,753791
7 0,748859 0,793453 0,832709 0,789142 0,747742
8 0,744717 0,785269 0,820093 0,781666 0,741683
9 0,740755 0,779174 0,813609 0,776275 0,736896
10 0,736793 0,77307 0,807108 0,770885 0,732102
11 0,732209 0,767784 0,799149 0,765456 0,727271
12 0,727626 0,762481 0,791181 0,760005 0,72244
13 0,723316 0,757705 0,785911 0,754804 0,718415
14 0,719006 0,752926 0,78064 0,749607 0,714391
15 0,715825 0,749081 0,77612 0,746077 0,711983
16 0,712707 0,745306 0,77166 0,742612 0,709635
17 0,7107 0,742951 0,768979 0,740462 0,708299
18 0,7087 0,740591 0,766292 0,738304 0,706959
19 0,706645 0,738153 0,763246 0,736029 0,705547
20 0,704603 0,735724 0,760188 0,733764 0,704143
21 0,702305 0,733231 0,757146 0,731159 0,70242
22 0,699995 0,730731 0,754113 0,728555 0,700688
23 0,698035 0,728289 0,75102 0,725974 0,698444
24 0,696049 0,725827 0,747908 0,723367 0,696185
25 0,693196 0,722454 0,74432 0,7204 0,693756
26 0,690339 0,719073 0,740727 0,717424 0,691324
27 0,687536 0,716259 0,737679 0,715257 0,689857
28 0,684734 0,713442 0,734644 0,713108 0,688396
29 0,682294 0,710838 0,731466 0,710554 0,686502
30 0,679851 0,708235 0,728294 0,707998 0,684616
31 0,677406 0,705319 0,725109 0,705502 0,682548
32 0,674981 0,702429 0,721925 0,703014 0,680499
33 0,672069 0,699051 0,718179 0,699855 0,677578
34 0,669151 0,695659 0,714422 0,696674 0,674644
35 0,666786 0,692913 0,711338 0,693739 0,671631
36 0,664417 0,690162 0,708247 0,690806 0,668599
37 0,661166 0,686733 0,704754 0,687359 0,665435
38 0,657902 0,683298 0,701232 0,683899 0,662271
39 0,654974 0,680234 0,698019 0,680962 0,659121
40 0,652039 0,677162 0,694815 0,678011 0,655965
41 0,650023 0,674387 0,691847 0,675333 0,652602
42 0,648001 0,671599 0,688875 0,672657 0,64923
43 0,645654 0,669085 0,68559 0,669814 0,646087
44 0,643299 0,666561 0,682294 0,666962 0,642939
45 0,64069 0,66393 0,678687 0,663666 0,639924
46 0,638071 0,661293 0,675079 0,660372 0,636902
47 0,635681 0,658517 0,671848 0,657251 0,634002
48 0,633276 0,655743 0,668603 0,654129 0,631094
49 0,63106 0,653209 0,665643 0,65159 0,629104
50 0,628862 0,650672 0,662695 0,649026 0,627099
51 0,626378 0,648093 0,659983 0,646709 0,625489
52 0,623886 0,645514 0,657252 0,644391 0,623867
53 0,621674 0,643042 0,654684 0,642324 0,622205
54 0,619436 0,640562 0,652101 0,64026 0,620554
55 0,617203 0,63809 0,649814 0,638501 0,619392
56 0,614971 0,635595 0,647525 0,636723 0,618222
57 0,613053 0,632976 0,644759 0,634535 0,616684
58 0,611137 0,630347 0,641983 0,632339 0,615145
59 0,609662 0,628773 0,640027 0,63066 0,613943
60 0,608185 0,627192 0,638063 0,628966 0,612734
61 0,606345 0,625168 0,636226 0,627129 0,610605
62 0,604511 0,623163 0,634382 0,625303 0,608462
63 0,60302 0,621551 0,632764 0,623484 0,606534
64 0,601514 0,619951 0,631147 0,621669 0,604605
65 0,6 0,618338 0,629074 0,61983 0,602548
66 0,598494 0,616704 0,627007 0,617973 0,600504
67 0,597202 0,615179 0,625092 0,616355 0,598927
68 0,595894 0,613652 0,62318 0,614739 0,59734
69 0,594713 0,61243 0,621437 0,613408 0,595818
70 0,593533 0,611195 0,619685 0,612072 0,594298
71 0,592918 0,610023 0,618463 0,610617 0,592879
72 0,592297 0,608847 0,617231 0,609153 0,591453
73 0,591851 0,608049 0,61605 0,607905 0,590406
74 0,591413 0,607268 0,614884 0,606663 0,589366
75 0,591115 0,60701 0,614624 0,606026 0,588421
76 0,590818 0,606759 0,614366 0,60539 0,587462
77 0,589813 0,605682 0,613234 0,604049 0,586104
78 0,58882 0,604604 0,612098 0,602718 0,584737
79 0,587567 0,603236 0,61053 0,601309 0,583011
80 0,586328 0,601871 0,608973 0,599905 0,581304
81 0,585378 0,600648 0,607584 0,598147 0,579532
82 0,584412 0,599428 0,606193 0,5964 0,577769
83 0,583774 0,598944 0,605123 0,594945 0,576628
84 0,583138 0,598446 0,604034 0,59348 0,57548
85 0,582553 0,597498 0,603063 0,592083 0,574283
86 0,581975 0,596541 0,602076 0,59067 0,573088
87 0,58123 0,595313 0,601 0,589837 0,572042
88 0,580493 0,594103 0,599939 0,588991 0,570988
89 0,579742 0,593304 0,599029 0,588766 0,570435
90 0,579 0,59251 0,59811 0,588533 0,569874
91 0,578648 0,591945 0,597544 0,58814 0,569202
92 0,578294 0,591368 0,596967 0,587753 0,568533
93 0,57778 0,590705 0,596291 0,587143 0,567863
94 0,577271 0,590044 0,595623 0,586516 0,567184
95 0,577348 0,589897 0,595546 0,586548 0,567078
96 0,577421 0,58975 0,595461 0,586577 0,56695
97 0,576945 0,589269 0,594983 0,586048 0,566234
98 0,576477 0,588809 0,594521 0,58552 0,565518
99 0,576266 0,58836 0,594285 0,585076 0,564804
100 0,576049 0,587892 0,594034 0,584626 0,564074
101 0,575946 0,587873 0,594254 0,584658 0,563992
102 0,575835 0,587852 0,594466 0,584678 0,563897
103 0,576353 0,588484 0,594871 0,585186 0,564237
104 0,576868 0,58914 0,5953 0,585718 0,564596
105 0,576864 0,589316 0,595108 0,585354 0,563934
106 0,576876 0,589497 0,594919 0,585003 0,563298
107 0,576963 0,589218 0,594763 0,584285 0,56248
108 0,577053 0,588943 0,594621 0,583579 0,561682
109 0,577238 0,589023 0,594452 0,583256 0,560983
110 0,577436 0,589101 0,594291 0,582924 0,560268
111 0,577445 0,588881 0,593761 0,582204 0,559597
112 0,577447 0,588655 0,593218 0,581479 0,558893
113 0,576754 0,587576 0,591852 0,580291 0,557887
114 0,576057 0,586502 0,590467 0,579081 0,556869
115 0,575707 0,585898 0,58948 0,578003 0,555891
116 0,575357 0,585283 0,588496 0,576917 0,554901
117 0,575226 0,584837 0,587782 0,576187 0,554157
118 0,575095 0,584407 0,587075 0,575465 0,553422
119 0,574905 0,583918 0,586806 0,574998 0,552868
120 0,574719 0,583413 0,586536 0,574525 0,552322
121 0,575151 0,583092 0,58661 0,57427 0,552195
122 0,57558 0,582786 0,586694 0,574037 0,552095
123 0,575139 0,582071 0,585822 0,573545 0,551306
124 0,574711 0,581363 0,584952 0,573068 0,550539
125 0,575343 0,581816 0,585602 0,574001 0,551303
126 0,575976 0,582279 0,586261 0,574945 0,552077
127 0,577113 0,583492 0,587381 0,57615 0,553402
128 0,57824 0,584699 0,588493 0,577365 0,554738
129 0,578055 0,585052 0,588695 0,57743 0,555059
130 0,57787 0,585377 0,588873 0,577477 0,555343
131 0,577728 0,585163 0,588784 0,577491 0,555466
132 0,577586 0,584938 0,588691 0,577497 0,555589
133 0,57744 0,58474 0,588117 0,577245 0,555141
134 0,577291 0,584545 0,587547 0,577006 0,554709
135 0,577285 0,584267 0,587085 0,576361 0,554319
136 0,577286 0,583988 0,586622 0,575714 0,553933
137 0,577015 0,583536 0,585902 0,574975 0,553013
138 0,57674 0,583096 0,585186 0,574238 0,552103
139 0,576195 0,582191 0,583955 0,573402 0,551231
140 0,575661 0,581284 0,582718 0,57256 0,550359
141 0,575034 0,580421 0,581809 0,571444 0,549549
142 0,574397 0,579556 0,580904 0,570329 0,548727
143 0,573933 0,579232 0,580189 0,569403 0,547654
144 0,573471 0,578903 0,579475 0,568475 0,546584
145 0,573384 0,578991 0,57938 0,568095 0,546436
146 0,573281 0,57907 0,579289 0,567714 0,546285
147 0,573468 0,579354 0,579275 0,567594 0,546098
148 0,573653 0,579651 0,579262 0,567459 0,5459
149 0,573254 0,579319 0,578788 0,566976 0,545322
150 0,572855 0,578986 0,578315 0,566508 0,544742
151 0,572527 0,578713 0,577614 0,565949 0,544373
152 0,572218 0,578439 0,576928 0,565401 0,544003
153 0,572183 0,578153 0,576726 0,564918 0,543719
154 0,572155 0,577874 0,576509 0,564415 0,543441
155 0,571275 0,577062 0,575523 0,563687 0,54262
156 0,570379 0,576254 0,574534 0,562959 0,541801
157 0,569293 0,575176 0,573547 0,561867 0,540777
158 0,568188 0,574081 0,572547 0,560762 0,53973
159 0,567434 0,573336 0,571546 0,559524 0,538443
160 0,566686 0,572616 0,570563 0,5583 0,537159
161 0,565917 0,571962 0,569856 0,557082 0,536577
162 0,56516 0,571313 0,569141 0,555856 0,535994
163 0,564864 0,57099 0,568769 0,555197 0,535407
164 0,564558 0,570654 0,56838 0,554524 0,534795
165 0,563688 0,56966 0,567191 0,553497 0,533639
166 0,562804 0,568663 0,56601 0,552468 0,532488
167 0,561607 0,567286 0,564624 0,551204 0,53129
168 0,560412 0,565891 0,563238 0,549947 0,530095
169 0,559721 0,564644 0,562155 0,548801 0,529057
170 0,559041 0,563392 0,561068 0,547657 0,528038
171 0,559006 0,563129 0,560414 0,547197 0,527309
172 0,55896 0,562849 0,559742 0,546726 0,526572
173 0,558224 0,56222 0,558703 0,54596 0,525193
174 0,557484 0,561602 0,557663 0,545195 0,523806
175 0,557253 0,561025 0,557242 0,544665 0,522927
176 0,557023 0,56045 0,556825 0,544141 0,522057
177 0,556662 0,559821 0,55623 0,543312 0,521061
178 0,556295 0,559187 0,555647 0,542492 0,520081
179 0,555419 0,558256 0,554842 0,541571 0,519149
