-179 0,59184 0,608087 0,617146 0,606181 0,600395
-178 0,593307 0,609449 0,618331 0,607287 0,601491
-177 0,594459 0,610519 0,61907 0,607924 0,602072
-176 0,595622 0,611629 0,61989 0,608739 0,602848
-175 0,596784 0,612647 0,620624 0,609322 0,603375
-174 0,598122 0,613757 0,62151 0,609951 0,60393
-173 0,599254 0,614702 0,622231 0,610351 0,604282
-172 0,599986 0,615252 0,6225 0,610365 0,604091
-171 0,600805 0,615912 0,622871 0,610524 0,604042
-170 0,601607 0,616561 0,623314 0,610764 0,603952
-169 0,602449 0,617334 0,623945 0,611192 0,604092
-168 0,603408 0,618219 0,624772 0,611796 0,604499
-167 0,60462 0,619437 0,62604 0,612791 0,605145
-166 0,606262 0,621118 0,627772 0,614339 0,606522
-165 0,60799 0,622859 0,629498 0,615878 0,607847
-164 0,609747 0,624719 0,631343 0,617424 0,609
-163 0,611271 0,626366 0,632984 0,61885 0,610273
-162 0,612552 0,627779 0,634486 0,620176 0,611469
-161 0,614026 0,629315 0,636275 0,621778 0,612977
-160 0,616178 0,6315 0,638662 0,623976 0,615204
-159 0,618242 0,633674 0,641023 0,626296 0,617346
-158 0,62045 0,635908 0,643397 0,628759 0,61972
-157 0,622499 0,638109 0,645685 0,631163 0,622147
-156 0,624065 0,6398 0,647515 0,633261 0,624197
-155 0,625772 0,641501 0,649345 0,635283 0,626148
-154 0,626982 0,64282 0,650812 0,637012 0,627865
-153 0,627686 0,643669 0,651671 0,638216 0,62912
-152 0,628548 0,644567 0,65275 0,639522 0,630473
-151 0,629167 0,645186 0,653573 0,640582 0,631661
-150 0,629522 0,645612 0,654148 0,641292 0,632516
-149 0,629621 0,645734 0,654494 0,641705 0,633107
-148 0,629467 0,645651 0,654511 0,641754 0,633286
-147 0,628927 0,645168 0,654282 0,641504 0,633063
-146 0,628445 0,644658 0,653994 0,641165 0,632791
-145 0,628194 0,644433 0,653914 0,640883 0,63264
-144 0,627987 0,644186 0,653924 0,640572 0,632479
-143 0,628049 0,644145 0,653971 0,64046 0,632505
-142 0,628503 0,644461 0,654305 0,640671 0,632711
-141 0,629095 0,644902 0,654689 0,641003 0,632961
-140 0,629918 0,645528 0,655265 0,64146 0,633334
-139 0,631078 0,64643 0,656125 0,642213 0,633915
-138 0,632364 0,64745 0,657117 0,643179 0,634732
-137 0,633572 0,648438 0,658133 0,644145 0,635515
-136 0,634519 0,649295 0,65905 0,645108 0,636367
-135 0,635646 0,65034 0,660098 0,646159 0,63724
-134 0,636559 0,651259 0,660963 0,647105 0,637988
-133 0,637167 0,651983 0,661702 0,647954 0,638755
-132 0,637666 0,652666 0,662289 0,648679 0,639576
-131 0,637813 0,653041 0,662536 0,649071 0,640184
-130 0,637671 0,653026 0,662488 0,649122 0,640412
-129 0,637394 0,652748 0,662235 0,648892 0,640508
-128 0,636991 0,652333 0,661719 0,648372 0,640266
-127 0,635989 0,651465 0,660765 0,647332 0,63951
-126 0,634686 0,65034 0,659541 0,645976 0,638307
-125 0,633339 0,648985 0,658081 0,644376 0,636836
-124 0,632115 0,647665 0,656808 0,642943 0,635557
-123 0,631068 0,646566 0,6558 0,641741 0,634456
-122 0,630199 0,645697 0,654856 0,640635 0,633511
-121 0,629438 0,644867 0,653867 0,639569 0,632392
-120 0,628501 0,643834 0,652801 0,638576 0,631112
-119 0,62804 0,643348 0,652209 0,638058 0,630335
-118 0,627954 0,643151 0,652019 0,637879 0,629916
-117 0,628349 0,643331 0,652243 0,638059 0,629774
-116 0,628955 0,643718 0,652672 0,638309 0,629682
-115 0,629475 0,644026 0,653041 0,638492 0,629514
-114 0,630073 0,644528 0,653589 0,638759 0,62948
-113 0,630572 0,64475 0,653932 0,638925 0,629433
-112 0,631217 0,64504 0,654225 0,638947 0,629283
-111 0,631473 0,644978 0,654066 0,63839 0,628594
-110 0,631696 0,644876 0,653744 0,637722 0,62775
-109 0,631897 0,64488 0,653506 0,63731 0,627215
-108 0,631998 0,644873 0,653279 0,636918 0,626608
-107 0,632741 0,645577 0,653699 0,637217 0,626629
-106 0,633631 0,646461 0,654387 0,637925 0,627204
-105 0,634456 0,647381 0,655104 0,638549 0,627842
-104 0,635372 0,648262 0,655782 0,639166 0,628411
-103 0,636038 0,648925 0,65628 0,639655 0,628851
-102 0,637007 0,649869 0,657027 0,640385 0,629516
-101 0,637957 0,650865 0,65794 0,641406 0,630458
-100 0,638467 0,651492 0,658496 0,642012 0,630979
-99 0,639127 0,652183 0,659132 0,64274 0,631406
-98 0,639991 0,653205 0,660247 0,644038 0,63255
-97 0,64077 0,654009 0,661391 0,645515 0,633943
-96 0,6415 0,654688 0,662501 0,646984 0,635507
-95 0,642337 0,655533 0,663668 0,648363 0,637145
-94 0,643237 0,656429 0,665093 0,650005 0,638996
-93 0,643942 0,657146 0,666263 0,651324 0,640595
-92 0,644514 0,657642 0,667128 0,652355 0,641984
-91 0,645164 0,658228 0,668052 0,653514 0,643403
-90 0,645478 0,658551 0,668613 0,654282 0,644367
-89 0,645556 0,658583 0,669043 0,654898 0,645148
-88 0,645635 0,65867 0,669404 0,655513 0,645756
-87 0,645969 0,658936 0,669837 0,656295 0,646363
-86 0,646321 0,659123 0,670386 0,657162 0,64727
-85 0,646896 0,659746 0,671276 0,658372 0,648493
-84 0,647633 0,660485 0,672006 0,659373 0,649592
-83 0,648346 0,661116 0,672487 0,659999 0,650408
-82 0,649183 0,661745 0,673016 0,660502 0,650887
-81 0,650281 0,662573 0,673814 0,661195 0,651695
-80 0,651301 0,663429 0,674531 0,661877 0,652292
-79 0,652565 0,664386 0,675339 0,66262 0,652933
-78 0,654421 0,665889 0,676608 0,663697 0,653843
-77 0,65622 0,667406 0,677935 0,664861 0,654866
-76 0,658301 0,669183 0,67956 0,666162 0,656205
-75 0,660434 0,671219 0,681442 0,667623 0,657608
-74 0,662821 0,673591 0,683785 0,669522 0,659424
-73 0,665571 0,676294 0,686356 0,671644 0,661301
-72 0,668423 0,679108 0,689049 0,674076 0,663379
-71 0,671606 0,682141 0,691993 0,676854 0,665847
-70 0,674649 0,685133 0,694861 0,679627 0,668318
-69 0,677719 0,688084 0,697666 0,682316 0,67067
-68 0,680895 0,691213 0,700637 0,685074 0,673047
-67 0,683886 0,694369 0,703667 0,687921 0,675484
-66 0,686675 0,697307 0,706453 0,690633 0,677954
-65 0,689239 0,700123 0,709256 0,693263 0,680481
-64 0,691722 0,702816 0,711977 0,695927 0,683055
-63 0,693716 0,70498 0,714097 0,698117 0,685232
-62 0,695522 0,706892 0,715972 0,700214 0,687367
-61 0,697336 0,708632 0,717748 0,702063 0,689315
-60 0,699039 0,710365 0,719618 0,704009 0,691394
-59 0,70072 0,712035 0,72135 0,705796 0,693211
-58 0,702544 0,713907 0,723431 0,707687 0,695123
-57 0,704912 0,716331 0,726234 0,710396 0,697675
-56 0,707373 0,718678 0,728871 0,713115 0,700203
-55 0,710057 0,721091 0,73163 0,716009 0,702992
-54 0,712968 0,723686 0,734458 0,718945 0,705738
-53 0,715757 0,726232 0,737092 0,72181 0,708402
-52 0,718501 0,728723 0,739595 0,724437 0,710843
-51 0,721362 0,731707 0,742337 0,727144 0,713378
-50 0,724133 0,734719 0,745213 0,729965 0,716138
-49 0,727284 0,737866 0,748271 0,732942 0,718998
-48 0,731083 0,741608 0,751929 0,736456 0,722245
-47 0,734595 0,745079 0,755338 0,739652 0,725425
-46 0,73811 0,748521 0,75872 0,742903 0,728621
-45 0,741544 0,751735 0,761912 0,746112 0,731575
-44 0,745127 0,755015 0,764973 0,748979 0,734261
-43 0,748488 0,75812 0,767877 0,751609 0,736688
-42 0,751791 0,761025 0,770561 0,754113 0,738896
-41 0,75551 0,76441 0,773839 0,756993 0,741372
-40 0,759183 0,767835 0,77729 0,76012 0,744214
-39 0,763082 0,771492 0,780832 0,763622 0,747324
-38 0,766827 0,775115 0,784446 0,767086 0,750444
-37 0,770178 0,778414 0,787735 0,770212 0,753399
-36 0,773439 0,781678 0,790953 0,773198 0,756109
-35 0,776651 0,784864 0,794158 0,776079 0,758685
-34 0,779931 0,788105 0,797376 0,778793 0,761275
-33 0,78298 0,791346 0,800673 0,781748 0,764112
-32 0,785616 0,794231 0,803709 0,784634 0,766735
-31 0,788156 0,797114 0,806702 0,787382 0,769325
-30 0,790581 0,800082 0,809728 0,79042 0,772306
-29 0,792821 0,802686 0,812537 0,793206 0,775127
-28 0,795402 0,805562 0,815436 0,796043 0,778065
-27 0,797828 0,808369 0,81834 0,798902 0,781079
-26 0,800032 0,810841 0,821102 0,801616 0,783876
-25 0,80248 0,813468 0,824132 0,804758 0,786885
-24 0,804726 0,815977 0,827234 0,807947 0,789914
-23 0,806861 0,818224 0,829988 0,810701 0,792407
-22 0,809168 0,820463 0,832749 0,813336 0,794709
-21 0,81152 0,822892 0,835618 0,816063 0,79721
-20 0,813923 0,825589 0,838643 0,818966 0,799835
-19 0,815955 0,828053 0,841479 0,821727 0,80239
-18 0,817383 0,83023 0,843995 0,824105 0,804595
-17 0,819154 0,832879 0,846975 0,826796 0,807023
-16 0,821129 0,835788 0,850173 0,829785 0,809759
-15 0,823422 0,838997 0,853532 0,832796 0,812401
-14 0,826676 0,843248 0,857754 0,83663 0,815733
-13 0,830371 0,848177 0,862436 0,840646 0,819238
-12 0,834489 0,85343 0,867711 0,845055 0,823088
-11 0,839454 0,859536 0,874302 0,850549 0,827786
-10 0,844732 0,865871 0,88143 0,856562 0,832846
-9 0,850516 0,872627 0,889283 0,863558 0,838553
-8 0,857089 0,880145 0,898196 0,871441 0,844834
-7 0,863892 0,88805 0,90836 0,880254 0,851695
-6 0,870227 0,895663 0,918067 0,88873 0,858395
-5 0,876143 0,903369 0,92925 0,897333 0,8652
-4 0,881676 0,910701 0,939816 0,905334 0,871806
-3 0,887423 0,918673 0,954954 0,913889 0,879314
-2 0,892214 0,925427 0,967791 0,921589 0,886283
-1 0,89673 0,931822 0,983701 0,929182 0,892909
0 0,899041 0,936073 0,999998 0,936073 0,899041
1 0,892909 0,929182 0,983701 0,931822 0,89673
2 0,886283 0,921589 0,967791 0,925427 0,892214
3 0,879314 0,913889 0,954954 0,918673 0,887423
4 0,871806 0,905334 0,939816 0,910701 0,881676
5 0,8652 0,897333 0,92925 0,903369 0,876143
6 0,858395 0,88873 0,918067 0,895663 0,870227
7 0,851695 0,880254 0,90836 0,88805 0,863892
8 0,844834 0,871441 0,898196 0,880145 0,857089
9 0,838553 0,863558 0,889283 0,872627 0,850516
10 0,832846 0,856562 0,88143 0,865871 0,844732
11 0,827786 0,850549 0,874302 0,859536 0,839454
12 0,823088 0,845055 0,867711 0,85343 0,834489
13 0,819238 0,840646 0,862436 0,848177 0,830371
14 0,815733 0,83663 0,857754 0,843248 0,826676
15 0,812401 0,832796 0,853532 0,838997 0,823422
16 0,809759 0,829785 0,850173 0,835788 0,821129
17 0,807023 0,826796 0,846975 0,832879 0,819154
18 0,804595 0,824105 0,843995 0,83023 0,817383
19 0,80239 0,821727 0,841479 0,828053 0,815955
20 0,799835 0,818966 0,838643 0,825589 0,813923
21 0,79721 0,816063 0,835618 0,822892 0,81152
22 0,794709 0,813336 0,832749 0,820463 0,809168
23 0,792407 0,810701 0,829988 0,818224 0,806861
24 0,789914 0,807947 0,827234 0,815977 0,804726
25 0,786885 0,804758 0,824132 0,813468 0,80248
26 0,783876 0,801616 0,821102 0,810841 0,800032
27 0,781079 0,798902 0,81834 0,808369 0,797828
28 0,778065 0,796043 0,815436 0,805562 0,795402
29 0,775127 0,793206 0,812537 0,802686 0,792821
30 0,772306 0,79042 0,809728 0,800082 0,790581
31 0,769325 0,787382 0,806702 0,797114 0,788156
32 0,766735 0,784634 0,803709 0,794231 0,785616
33 0,764112 0,781748 0,800673 0,791346 0,78298
34 0,761275 0,778793 0,797376 0,788105 0,779931
35 0,758685 0,776079 0,794158 0,784864 0,776651
36 0,756109 0,773198 0,790953 0,781678 0,773439
37 0,753399 0,770212 0,787735 0,778414 0,770178
38 0,750444 0,767086 0,784446 0,775115 0,766827
39 0,747324 0,763622 0,780832 0,771492 0,763082
40 0,744214 0,76012 0,77729 0,767835 0,759183
41 0,741372 0,756993 0,773839 0,76441 0,75551
42 0,738896 0,754113 0,770561 0,761025 0,751791
43 0,736688 0,751609 0,767877 0,75812 0,748488
44 0,734261 0,748979 0,764973 0,755015 0,745127
45 0,731575 0,746112 0,761912 0,751735 0,741544
46 0,728621 0,742903 0,75872 0,748521 0,73811
47 0,725425 0,739652 0,755338 0,745079 0,734595
48 0,722245 0,736456 0,751929 0,741608 0,731083
49 0,718998 0,732942 0,748271 0,737866 0,727284
50 0,716138 0,729965 0,745213 0,734719 0,724133
51 0,713378 0,727144 0,742337 0,731707 0,721362
52 0,710843 0,724437 0,739595 0,728723 0,718501
53 0,708402 0,72181 0,737092 0,726232 0,715757
54 0,705738 0,718945 0,734458 0,723686 0,712968
55 0,702992 0,716009 0,73163 0,721091 0,710057
56 0,700203 0,713115 0,728871 0,718678 0,707373
57 0,697675 0,710396 0,726234 0,716331 0,704912
58 0,695123 0,707687 0,723431 0,713907 0,702544
59 0,693211 0,705796 0,72135 0,712035 0,70072
60 0,691394 0,704009 0,719618 0,710365 0,699039
61 0,689315 0,702063 0,717748 0,708632 0,697336
62 0,687367 0,700214 0,715972 0,706892 0,695522
63 0,685232 0,698117 0,714097 0,70498 0,693716
64 0,683055 0,695927 0,711977 0,702816 0,691722
65 0,680481 0,693263 0,709256 0,700123 0,689239
66 0,677954 0,690633 0,706453 0,697307 0,686675
67 0,675484 0,687921 0,703667 0,694369 0,683886
68 0,673047 0,685074 0,700637 0,691213 0,680895
69 0,67067 0,682316 0,697666 0,688084 0,677719
70 0,668318 0,679627 0,694861 0,685133 0,674649
71 0,665847 0,676854 0,691993 0,682141 0,671606
72 0,663379 0,674076 0,689049 0,679108 0,668423
73 0,661301 0,671644 0,686356 0,676294 0,665571
74 0,659424 0,669522 0,683785 0,673591 0,662821
75 0,657608 0,667623 0,681442 0,671219 0,660434
76 0,656205 0,666162 0,67956 0,669183 0,658301
77 0,654866 0,664861 0,677935 0,667406 0,65622
78 0,653843 0,663697 0,676608 0,665889 0,654421
79 0,652933 0,66262 0,675339 0,664386 0,652565
80 0,652292 0,661877 0,674531 0,663429 0,651301
81 0,651695 0,661195 0,673814 0,662573 0,650281
82 0,650887 0,660502 0,673016 0,661745 0,649183
83 0,650408 0,659999 0,672487 0,661116 0,648346
84 0,649592 0,659373 0,672006 0,660485 0,647633
85 0,648493 0,658372 0,671276 0,659746 0,646896
86 0,64727 0,657162 0,670386 0,659123 0,646321
87 0,646363 0,656295 0,669837 0,658936 0,645969
88 0,645756 0,655513 0,669404 0,65867 0,645635
89 0,645148 0,654898 0,669043 0,658583 0,645556
90 0,644367 0,654282 0,668613 0,658551 0,645478
91 0,643403 0,653514 0,668052 0,658228 0,645164
92 0,641984 0,652355 0,667128 0,657642 0,644514
93 0,640595 0,651324 0,666263 0,657146 0,643942
94 0,638996 0,650005 0,665093 0,656429 0,643237
95 0,637145 0,648363 0,663668 0,655533 0,642337
96 0,635507 0,646984 0,662501 0,654688 0,6415
97 0,633943 0,645515 0,661391 0,654009 0,64077
98 0,63255 0,644038 0,660247 0,653205 0,639991
99 0,631406 0,64274 0,659132 0,652183 0,639127
100 0,630979 0,642012 0,658496 0,651492 0,638467
101 0,630458 0,641406 0,65794 0,650865 0,637957
102 0,629516 0,640385 0,657027 0,649869 0,637007
103 0,628851 0,639655 0,65628 0,648925 0,636038
104 0,628411 0,639166 0,655782 0,648262 0,635372
105 0,627842 0,638549 0,655104 0,647381 0,634456
106 0,627204 0,637925 0,654387 0,646461 0,633631
107 0,626629 0,637217 0,653699 0,645577 0,632741
108 0,626608 0,636918 0,653279 0,644873 0,631998
109 0,627215 0,63731 0,653506 0,64488 0,631897
110 0,62775 0,637722 0,653744 0,644876 0,631696
111 0,628594 0,63839 0,654066 0,644978 0,631473
112 0,629283 0,638947 0,654225 0,64504 0,631217
113 0,629433 0,638925 0,653932 0,64475 0,630572
114 0,62948 0,638759 0,653589 0,644528 0,630073
115 0,629514 0,638492 0,653041 0,644026 0,629475
116 0,629682 0,638309 0,652672 0,643718 0,628955
117 0,629774 0,638059 0,652243 0,643331 0,628349
118 0,629916 0,637879 0,652019 0,643151 0,627954
119 0,630335 0,638058 0,652209 0,643348 0,62804
120 0,631112 0,638576 0,652801 0,643834 0,628501
121 0,632392 0,639569 0,653867 0,644867 0,629438
122 0,633511 0,640635 0,654856 0,645697 0,630199
123 0,634456 0,641741 0,6558 0,646566 0,631068
124 0,635557 0,642943 0,656808 0,647665 0,632115
125 0,636836 0,644376 0,658081 0,648985 0,633339
126 0,638307 0,645976 0,659541 0,65034 0,634686
127 0,63951 0,647332 0,660765 0,651465 0,635989
128 0,640266 0,648372 0,661719 0,652333 0,636991
129 0,640508 0,648892 0,662235 0,652748 0,637394
130 0,640412 0,649122 0,662488 0,653026 0,637671
131 0,640184 0,649071 0,662536 0,653041 0,637813
132 0,639576 0,648679 0,662289 0,652666 0,637666
133 0,638755 0,647954 0,661702 0,651983 0,637167
134 0,637988 0,647105 0,660963 0,651259 0,636559
135 0,63724 0,646159 0,660098 0,65034 0,635646
136 0,636367 0,645108 0,65905 0,649295 0,634519
137 0,635515 0,644145 0,658133 0,648438 0,633572
138 0,634732 0,643179 0,657117 0,64745 0,632364
139 0,633915 0,642213 0,656125 0,64643 0,631078
140 0,633334 0,64146 0,655265 0,645528 0,629918
141 0,632961 0,641003 0,654689 0,644902 0,629095
142 0,632711 0,640671 0,654305 0,644461 0,628503
143 0,632505 0,64046 0,653971 0,644145 0,628049
144 0,632479 0,640572 0,653924 0,644186 0,627987
145 0,63264 0,640883 0,653914 0,644433 0,628194
146 0,632791 0,641165 0,653994 0,644658 0,628445
147 0,633063 0,641504 0,654282 0,645168 0,628927
148 0,633286 0,641754 0,654511 0,645651 0,629467
149 0,633107 0,641705 0,654494 0,645734 0,629621
150 0,632516 0,641292 0,654148 0,645612 0,629522
151 0,631661 0,640582 0,653573 0,645186 0,629167
152 0,630473 0,639522 0,65275 0,644567 0,628548
153 0,62912 0,638216 0,651671 0,643669 0,627686
154 0,627865 0,637012 0,650812 0,64282 0,626982
155 0,626148 0,635283 0,649345 0,641501 0,625772
156 0,624197 0,633261 0,647515 0,6398 0,624065
157 0,622147 0,631163 0,645685 0,638109 0,622499
158 0,61972 0,628759 0,643397 0,635908 0,62045
159 0,617346 0,626296 0,641023 0,633674 0,618242
160 0,615204 0,623976 0,638662 0,6315 0,616178
161 0,612977 0,621778 0,636275 0,629315 0,614026
162 0,611469 0,620176 0,634486 0,627779 0,612552
163 0,610273 0,61885 0,632984 0,626366 0,611271
164 0,609 0,617424 0,631343 0,624719 0,609747
165 0,607847 0,615878 0,629498 0,622859 0,60799
166 0,606522 0,614339 0,627772 0,621118 0,606262
167 0,605145 0,612791 0,62604 0,619437 0,60462
168 0,604499 0,611796 0,624772 0,618219 0,603408
169 0,604092 0,611192 0,623945 0,617334 0,602449
170 0,603952 0,610764 0,623314 0,616561 0,601607
171 0,604042 0,610524 0,622871 0,615912 0,600805
172 0,604091 0,610365 0,6225 0,615252 0,599986
173 0,604282 0,610351 0,622231 0,614702 0,599254
174 0,60393 0,609951 0,62151 0,613757 0,598122
175 0,603375 0,609322 0,620624 0,612647 0,596784
176 0,602848 0,608739 0,61989 0,611629 0,595622
177 0,602072 0,607924 0,61907 0,610519 0,594459
178 0,601491 0,607287 0,618331 0,609449 0,593307
179 0,600395 0,606181 0,617146 0,608087 0,59184
