-179 0,535148 0,552466 0,560504 0,543791 0,532713
-178 0,536758 0,553948 0,561807 0,544877 0,533753
-177 0,538112 0,555172 0,562718 0,545586 0,534365
-176 0,539339 0,556307 0,563589 0,546471 0,535173
-175 0,540562 0,557389 0,564308 0,547145 0,535763
-174 0,541908 0,558546 0,565134 0,547897 0,53647
-173 0,54289 0,559445 0,565733 0,548422 0,536881
-172 0,543486 0,559879 0,565836 0,548442 0,53665
-171 0,544274 0,560495 0,566145 0,548646 0,536687
-170 0,544996 0,561123 0,566595 0,548933 0,53671
-169 0,545808 0,561802 0,567238 0,549382 0,536963
-168 0,546669 0,562561 0,568089 0,549974 0,537466
-167 0,547704 0,563576 0,569273 0,5509 0,538051
-166 0,549338 0,56526 0,571104 0,552553 0,539504
-165 0,55106 0,567045 0,572948 0,554094 0,540807
-164 0,552795 0,568922 0,574869 0,555609 0,541857
-163 0,554394 0,570619 0,576648 0,557084 0,543105
-162 0,55589 0,572152 0,578256 0,558524 0,544307
-161 0,55762 0,573922 0,580183 0,560325 0,545959
-160 0,560035 0,576382 0,582745 0,56272 0,5484
-159 0,562356 0,578839 0,585286 0,565256 0,55075
-158 0,564675 0,581222 0,587735 0,567845 0,553269
-157 0,566753 0,583475 0,590025 0,570273 0,555706
-156 0,56837 0,585251 0,591985 0,572451 0,557833
-155 0,570224 0,587259 0,594103 0,574723 0,560028
-154 0,571664 0,58895 0,595905 0,576788 0,562012
-153 0,572691 0,590285 0,597275 0,578466 0,563676
-152 0,573812 0,591698 0,598853 0,58021 0,565353
-151 0,574502 0,592636 0,599996 0,581545 0,566684
-150 0,574907 0,593207 0,600784 0,582341 0,567617
-149 0,575104 0,593509 0,601393 0,582857 0,5683
-148 0,575147 0,593681 0,601754 0,58307 0,568576
-147 0,574918 0,593511 0,601931 0,583023 0,568513
-146 0,574929 0,593474 0,602108 0,583059 0,568544
-145 0,575102 0,593599 0,602443 0,583095 0,568643
-144 0,575224 0,593653 0,602813 0,583119 0,568854
-143 0,575595 0,593914 0,603098 0,583232 0,569183
-142 0,576289 0,594442 0,603656 0,583637 0,569622
-141 0,577015 0,594987 0,604075 0,584016 0,570018
-140 0,57798 0,595724 0,604749 0,58458 0,570574
-139 0,579298 0,596742 0,605814 0,585585 0,571459
-138 0,580848 0,597994 0,60706 0,586875 0,572737
-137 0,582395 0,59933 0,60843 0,588232 0,574032
-136 0,583436 0,600353 0,609533 0,589389 0,575182
-135 0,584708 0,601611 0,610831 0,590677 0,576373
-134 0,585913 0,602921 0,612032 0,591918 0,577487
-133 0,586759 0,603988 0,612966 0,592955 0,578599
-132 0,587521 0,605052 0,613816 0,593878 0,579871
-131 0,588184 0,605968 0,614467 0,594499 0,5809
-130 0,588619 0,606525 0,614845 0,594883 0,581605
-129 0,588835 0,606783 0,615025 0,595099 0,582285
-128 0,589165 0,607095 0,615129 0,595188 0,58273
-127 0,589057 0,607058 0,614959 0,594917 0,582804
-126 0,588556 0,606732 0,614508 0,594366 0,582414
-125 0,588022 0,606127 0,613806 0,593639 0,581806
-124 0,587694 0,605606 0,613337 0,593096 0,581305
-123 0,587244 0,605018 0,612829 0,592575 0,580749
-122 0,586904 0,604541 0,612246 0,592046 0,580101
-121 0,586639 0,604094 0,61163 0,591494 0,579246
-120 0,586014 0,603247 0,610825 0,590954 0,57828
-119 0,585862 0,602962 0,610572 0,590871 0,577809
-118 0,586223 0,603093 0,610877 0,591196 0,577844
-117 0,586872 0,60346 0,611409 0,59166 0,577975
-116 0,587724 0,604077 0,612155 0,592185 0,578135
-115 0,588465 0,604541 0,612731 0,592616 0,578137
-114 0,589209 0,605171 0,613439 0,593118 0,578335
-113 0,589719 0,605425 0,613826 0,593317 0,578345
-112 0,590272 0,605774 0,614211 0,593406 0,578197
-111 0,590396 0,605771 0,614145 0,592981 0,577658
-110 0,590604 0,605721 0,613946 0,592444 0,576998
-109 0,590778 0,605783 0,613904 0,592299 0,576797
-108 0,591108 0,606011 0,613955 0,592211 0,576676
-107 0,592038 0,606872 0,614505 0,592635 0,57695
-106 0,593151 0,607859 0,615263 0,593469 0,577767
-105 0,594375 0,609034 0,616177 0,594364 0,57882
-104 0,595444 0,609958 0,61686 0,595089 0,579601
-103 0,596393 0,610755 0,617527 0,595732 0,580196
-102 0,598019 0,612247 0,618786 0,596953 0,581379
-101 0,599609 0,613862 0,620226 0,598529 0,582934
-100 0,600723 0,614989 0,621243 0,599597 0,583936
-99 0,601978 0,616125 0,622262 0,600711 0,5847
-98 0,603389 0,617526 0,623795 0,602514 0,58625
-97 0,604543 0,618607 0,625325 0,60448 0,588101
-96 0,605556 0,619597 0,626837 0,606462 0,590196
-95 0,606564 0,620649 0,628352 0,608364 0,592342
-94 0,60772 0,621914 0,63029 0,610693 0,594853
-93 0,608628 0,622923 0,631923 0,612692 0,597121
-92 0,609341 0,623657 0,633178 0,614236 0,599089
-91 0,610092 0,624411 0,634496 0,615828 0,601025
-90 0,61056 0,624865 0,635487 0,617065 0,602552
-89 0,61071 0,624997 0,636248 0,618007 0,60374
-88 0,610848 0,62522 0,636934 0,619038 0,604783
-87 0,61133 0,625783 0,637761 0,620255 0,605855
-86 0,611878 0,626288 0,63872 0,6216 0,607226
-85 0,612591 0,627082 0,639883 0,623112 0,608741
-84 0,613432 0,627996 0,640899 0,62433 0,610083
-83 0,614034 0,628537 0,641434 0,624998 0,610891
-82 0,614878 0,629202 0,642134 0,625576 0,611422
-81 0,615969 0,630134 0,643017 0,626298 0,612306
-80 0,616923 0,631004 0,643693 0,626914 0,61285
-79 0,618174 0,631959 0,644523 0,627676 0,613456
-78 0,619976 0,633398 0,645756 0,628706 0,614346
-77 0,621735 0,634874 0,647111 0,629832 0,615463
-76 0,62374 0,636633 0,648745 0,631143 0,616931
-75 0,625737 0,638595 0,650596 0,632563 0,618377
-74 0,628045 0,640935 0,652918 0,634422 0,620194
-73 0,630699 0,643617 0,655456 0,63656 0,622122
-72 0,633465 0,646425 0,658143 0,639076 0,624298
-71 0,636637 0,649472 0,661042 0,641948 0,626832
-70 0,639744 0,652468 0,663971 0,644891 0,629465
-69 0,64282 0,655413 0,666877 0,647686 0,631942
-68 0,645971 0,658601 0,670038 0,6506 0,634502
-67 0,648833 0,661682 0,67318 0,653562 0,637067
-66 0,651509 0,664474 0,675978 0,656311 0,639477
-65 0,654111 0,667287 0,678855 0,659097 0,642024
-64 0,656741 0,670101 0,681752 0,662071 0,644753
-63 0,65873 0,672299 0,683978 0,66455 0,647066
-62 0,660433 0,674247 0,68595 0,666902 0,649458
-61 0,662192 0,675996 0,687901 0,668903 0,651592
-60 0,663814 0,67765 0,689895 0,670919 0,653842
-59 0,665394 0,679159 0,691715 0,672762 0,655847
-58 0,667101 0,68095 0,69398 0,674812 0,65794
-57 0,669465 0,683499 0,697049 0,677777 0,660804
-56 0,672007 0,686093 0,700074 0,680949 0,663858
-55 0,674692 0,688686 0,703103 0,684213 0,667077
-54 0,677475 0,69133 0,706045 0,687368 0,670057
-53 0,680114 0,6939 0,708776 0,690448 0,672908
-52 0,682964 0,6966 0,711559 0,693379 0,675543
-51 0,686033 0,699863 0,714648 0,696373 0,678267
-50 0,689036 0,703156 0,717932 0,699574 0,681383
-49 0,692419 0,706636 0,721451 0,702979 0,684656
-48 0,696323 0,710541 0,725467 0,706781 0,688169
-47 0,699693 0,714013 0,729053 0,710141 0,691459
-46 0,703148 0,717567 0,732607 0,713473 0,69478
-45 0,706476 0,720858 0,735945 0,71677 0,697865
-44 0,710044 0,724237 0,739158 0,719761 0,700686
-43 0,713305 0,72731 0,742112 0,722352 0,70314
-42 0,716465 0,730106 0,744755 0,724685 0,705314
-41 0,720187 0,733539 0,748109 0,727489 0,707856
-40 0,723875 0,737043 0,751579 0,730586 0,710786
-39 0,727775 0,740692 0,755035 0,733946 0,71382
-38 0,731446 0,744317 0,758629 0,737356 0,716923
-37 0,734764 0,747606 0,76185 0,740471 0,719836
-36 0,737863 0,750741 0,764912 0,743293 0,72228
-35 0,740834 0,753752 0,768055 0,746069 0,724642
-34 0,744012 0,756902 0,771292 0,74869 0,726942
-33 0,747015 0,760182 0,774697 0,751602 0,729555
-32 0,749671 0,763154 0,777965 0,754642 0,732155
-31 0,752183 0,766029 0,781148 0,757429 0,734652
-30 0,754538 0,768984 0,784451 0,76055 0,737603
-29 0,756755 0,771613 0,787538 0,763438 0,740478
-28 0,75915 0,774385 0,790514 0,766166 0,743337
-27 0,76139 0,777127 0,793529 0,768995 0,74632
-26 0,763473 0,779582 0,796434 0,771737 0,749213
-25 0,765903 0,782309 0,799806 0,775073 0,752392
-24 0,768332 0,785173 0,803504 0,778725 0,755797
-23 0,770717 0,787781 0,806785 0,781867 0,758605
-22 0,773324 0,790404 0,809998 0,784883 0,761165
-21 0,775978 0,793218 0,813327 0,788105 0,764058
-20 0,778718 0,796257 0,816873 0,791475 0,767052
-19 0,780932 0,798993 0,820121 0,794619 0,76988
-18 0,782629 0,801506 0,823088 0,797387 0,772374
-17 0,784689 0,804487 0,826547 0,80047 0,77515
-16 0,786828 0,807749 0,830294 0,803979 0,778322
-15 0,789248 0,811185 0,834156 0,807443 0,781306
-14 0,792734 0,815823 0,839069 0,811839 0,785134
-13 0,796615 0,821176 0,844495 0,816417 0,789098
-12 0,801013 0,826893 0,850604 0,8215 0,793498
-11 0,806166 0,833419 0,857884 0,827543 0,798576
-10 0,811681 0,840276 0,865753 0,834084 0,803928
-9 0,817833 0,847617 0,874537 0,841582 0,80988
-8 0,824871 0,85573 0,884497 0,850106 0,816347
-7 0,831892 0,864042 0,89539 0,859449 0,823171
-6 0,838484 0,872179 0,906123 0,868424 0,829693
-5 0,844976 0,880684 0,91912 0,877777 0,836575
-4 0,851135 0,888844 0,93127 0,886318 0,843258
-3 0,857549 0,897676 0,948111 0,895201 0,850823
-2 0,863225 0,905495 0,963249 0,903271 0,858104
-1 0,869108 0,913649 0,982018 0,911762 0,865547
0 0,872181 0,919045 0,999998 0,919045 0,872181
1 0,865547 0,911762 0,982018 0,913649 0,869108
2 0,858104 0,903271 0,963249 0,905495 0,863225
3 0,850823 0,895201 0,948111 0,897676 0,857549
4 0,843258 0,886318 0,93127 0,888844 0,851135
5 0,836575 0,877777 0,91912 0,880684 0,844976
6 0,829693 0,868424 0,906123 0,872179 0,838484
7 0,823171 0,859449 0,89539 0,864042 0,831892
8 0,816347 0,850106 0,884497 0,85573 0,824871
9 0,80988 0,841582 0,874537 0,847617 0,817833
10 0,803928 0,834084 0,865753 0,840276 0,811681
11 0,798576 0,827543 0,857884 0,833419 0,806166
12 0,793498 0,8215 0,850604 0,826893 0,801013
13 0,789098 0,816417 0,844495 0,821176 0,796615
14 0,785134 0,811839 0,839069 0,815823 0,792734
15 0,781306 0,807443 0,834156 0,811185 0,789248
16 0,778322 0,803979 0,830294 0,807749 0,786828
17 0,77515 0,80047 0,826547 0,804487 0,784689
18 0,772374 0,797387 0,823088 0,801506 0,782629
19 0,76988 0,794619 0,820121 0,798993 0,780932
20 0,767052 0,791475 0,816873 0,796257 0,778718
21 0,764058 0,788105 0,813327 0,793218 0,775978
22 0,761165 0,784883 0,809998 0,790404 0,773324
23 0,758605 0,781867 0,806785 0,787781 0,770717
24 0,755797 0,778725 0,803504 0,785173 0,768332
25 0,752392 0,775073 0,799806 0,782309 0,765903
26 0,749213 0,771737 0,796434 0,779582 0,763473
27 0,74632 0,768995 0,793529 0,777127 0,76139
28 0,743337 0,766166 0,790514 0,774385 0,75915
29 0,740478 0,763438 0,787538 0,771613 0,756755
30 0,737603 0,76055 0,784451 0,768984 0,754538
31 0,734652 0,757429 0,781148 0,766029 0,752183
32 0,732155 0,754642 0,777965 0,763154 0,749671
33 0,729555 0,751602 0,774697 0,760182 0,747015
34 0,726942 0,74869 0,771292 0,756902 0,744012
35 0,724642 0,746069 0,768055 0,753752 0,740834
36 0,72228 0,743293 0,764912 0,750741 0,737863
37 0,719836 0,740471 0,76185 0,747606 0,734764
38 0,716923 0,737356 0,758629 0,744317 0,731446
39 0,71382 0,733946 0,755035 0,740692 0,727775
40 0,710786 0,730586 0,751579 0,737043 0,723875
41 0,707856 0,727489 0,748109 0,733539 0,720187
42 0,705314 0,724685 0,744755 0,730106 0,716465
43 0,70314 0,722352 0,742112 0,72731 0,713305
44 0,700686 0,719761 0,739158 0,724237 0,710044
45 0,697865 0,71677 0,735945 0,720858 0,706476
46 0,69478 0,713473 0,732607 0,717567 0,703148
47 0,691459 0,710141 0,729053 0,714013 0,699693
48 0,688169 0,706781 0,725467 0,710541 0,696323
49 0,684656 0,702979 0,721451 0,706636 0,692419
50 0,681383 0,699574 0,717932 0,703156 0,689036
51 0,678267 0,696373 0,714648 0,699863 0,686033
52 0,675543 0,693379 0,711559 0,6966 0,682964
53 0,672908 0,690448 0,708776 0,6939 0,680114
54 0,670057 0,687368 0,706045 0,69133 0,677475
55 0,667077 0,684213 0,703103 0,688686 0,674692
56 0,663858 0,680949 0,700074 0,686093 0,672007
57 0,660804 0,677777 0,697049 0,683499 0,669465
58 0,65794 0,674812 0,69398 0,68095 0,667101
59 0,655847 0,672762 0,691715 0,679159 0,665394
60 0,653842 0,670919 0,689895 0,67765 0,663814
61 0,651592 0,668903 0,687901 0,675996 0,662192
62 0,649458 0,666902 0,68595 0,674247 0,660433
63 0,647066 0,66455 0,683978 0,672299 0,65873
64 0,644753 0,662071 0,681752 0,670101 0,656741
65 0,642024 0,659097 0,678855 0,667287 0,654111
66 0,639477 0,656311 0,675978 0,664474 0,651509
67 0,637067 0,653562 0,67318 0,661682 0,648833
68 0,634502 0,6506 0,670038 0,658601 0,645971
69 0,631942 0,647686 0,666877 0,655413 0,64282
70 0,629465 0,644891 0,663971 0,652468 0,639744
71 0,626832 0,641948 0,661042 0,649472 0,636637
72 0,624298 0,639076 0,658143 0,646425 0,633465
73 0,622122 0,63656 0,655456 0,643617 0,630699
74 0,620194 0,634422 0,652918 0,640935 0,628045
75 0,618377 0,632563 0,650596 0,638595 0,625737
76 0,616931 0,631143 0,648745 0,636633 0,62374
77 0,615463 0,629832 0,647111 0,634874 0,621735
78 0,614346 0,628706 0,645756 0,633398 0,619976
79 0,613456 0,627676 0,644523 0,631959 0,618174
80 0,61285 0,626914 0,643693 0,631004 0,616923
81 0,612306 0,626298 0,643017 0,630134 0,615969
82 0,611422 0,625576 0,642134 0,629202 0,614878
83 0,610891 0,624998 0,641434 0,628537 0,614034
84 0,610083 0,62433 0,640899 0,627996 0,613432
85 0,608741 0,623112 0,639883 0,627082 0,612591
86 0,607226 0,6216 0,63872 0,626288 0,611878
87 0,605855 0,620255 0,637761 0,625783 0,61133
88 0,604783 0,619038 0,636934 0,62522 0,610848
89 0,60374 0,618007 0,636248 0,624997 0,61071
90 0,602552 0,617065 0,635487 0,624865 0,61056
91 0,601025 0,615828 0,634496 0,624411 0,610092
92 0,599089 0,614236 0,633178 0,623657 0,609341
93 0,597121 0,612692 0,631923 0,622923 0,608628
94 0,594853 0,610693 0,63029 0,621914 0,60772
95 0,592342 0,608364 0,628352 0,620649 0,606564
96 0,590196 0,606462 0,626837 0,619597 0,605556
97 0,588101 0,60448 0,625325 0,618607 0,604543
98 0,58625 0,602514 0,623795 0,617526 0,603389
99 0,5847 0,600711 0,622262 0,616125 0,601978
100 0,583936 0,599597 0,621243 0,614989 0,600723
101 0,582934 0,598529 0,620226 0,613862 0,599609
102 0,581379 0,596953 0,618786 0,612247 0,598019
103 0,580196 0,595732 0,617527 0,610755 0,596393
104 0,579601 0,595089 0,61686 0,609958 0,595444
105 0,57882 0,594364 0,616177 0,609034 0,594375
106 0,577767 0,593469 0,615263 0,607859 0,593151
107 0,57695 0,592635 0,614505 0,606872 0,592038
108 0,576676 0,592211 0,613955 0,606011 0,591108
109 0,576797 0,592299 0,613904 0,605783 0,590778
110 0,576998 0,592444 0,613946 0,605721 0,590604
111 0,577658 0,592981 0,614145 0,605771 0,590396
112 0,578197 0,593406 0,614211 0,605774 0,590272
113 0,578345 0,593317 0,613826 0,605425 0,589719
114 0,578335 0,593118 0,613439 0,605171 0,589209
115 0,578137 0,592616 0,612731 0,604541 0,588465
116 0,578135 0,592185 0,612155 0,604077 0,587724
117 0,577975 0,59166 0,611409 0,60346 0,586872
118 0,577844 0,591196 0,610877 0,603093 0,586223
119 0,577809 0,590871 0,610572 0,602962 0,585862
120 0,57828 0,590954 0,610825 0,603247 0,586014
121 0,579246 0,591494 0,61163 0,604094 0,586639
122 0,580101 0,592046 0,612246 0,604541 0,586904
123 0,580749 0,592575 0,612829 0,605018 0,587244
124 0,581305 0,593096 0,613337 0,605606 0,587694
125 0,581806 0,593639 0,613806 0,606127 0,588022
126 0,582414 0,594366 0,614508 0,606732 0,588556
127 0,582804 0,594917 0,614959 0,607058 0,589057
128 0,58273 0,595188 0,615129 0,607095 0,589165
129 0,582285 0,595099 0,615025 0,606783 0,588835
130 0,581605 0,594883 0,614845 0,606525 0,588619
131 0,5809 0,594499 0,614467 0,605968 0,588184
132 0,579871 0,593878 0,613816 0,605052 0,587521
133 0,578599 0,592955 0,612966 0,603988 0,586759
134 0,577487 0,591918 0,612032 0,602921 0,585913
135 0,576373 0,590677 0,610831 0,601611 0,584708
136 0,575182 0,589389 0,609533 0,600353 0,583436
137 0,574032 0,588232 0,60843 0,59933 0,582395
138 0,572737 0,586875 0,60706 0,597994 0,580848
139 0,571459 0,585585 0,605814 0,596742 0,579298
140 0,570574 0,58458 0,604749 0,595724 0,57798
141 0,570018 0,584016 0,604075 0,594987 0,577015
142 0,569622 0,583637 0,603656 0,594442 0,576289
143 0,569183 0,583232 0,603098 0,593914 0,575595
144 0,568854 0,583119 0,602813 0,593653 0,575224
145 0,568643 0,583095 0,602443 0,593599 0,575102
146 0,568544 0,583059 0,602108 0,593474 0,574929
147 0,568513 0,583023 0,601931 0,593511 0,574918
148 0,568576 0,58307 0,601754 0,593681 0,575147
149 0,5683 0,582857 0,601393 0,593509 0,575104
150 0,567617 0,582341 0,600784 0,593207 0,574907
151 0,566684 0,581545 0,599996 0,592636 0,574502
152 0,565353 0,58021 0,598853 0,591698 0,573812
153 0,563676 0,578466 0,597275 0,590285 0,572691
154 0,562012 0,576788 0,595905 0,58895 0,571664
155 0,560028 0,574723 0,594103 0,587259 0,570224
156 0,557833 0,572451 0,591985 0,585251 0,56837
157 0,555706 0,570273 0,590025 0,583475 0,566753
158 0,553269 0,567845 0,587735 0,581222 0,564675
159 0,55075 0,565256 0,585286 0,578839 0,562356
160 0,5484 0,56272 0,582745 0,576382 0,560035
161 0,545959 0,560325 0,580183 0,573922 0,55762
162 0,544307 0,558524 0,578256 0,572152 0,55589
163 0,543105 0,557084 0,576648 0,570619 0,554394
164 0,541857 0,555609 0,574869 0,568922 0,552795
165 0,540807 0,554094 0,572948 0,567045 0,55106
166 0,539504 0,552553 0,571104 0,56526 0,549338
167 0,538051 0,5509 0,569273 0,563576 0,547704
168 0,537466 0,549974 0,568089 0,562561 0,546669
169 0,536963 0,549382 0,567238 0,561802 0,545808
170 0,53671 0,548933 0,566595 0,561123 0,544996
171 0,536687 0,548646 0,566145 0,560495 0,544274
172 0,53665 0,548442 0,565836 0,559879 0,543486
173 0,536881 0,548422 0,565733 0,559445 0,54289
174 0,53647 0,547897 0,565134 0,558546 0,541908
175 0,535763 0,547145 0,564308 0,557389 0,540562
176 0,535173 0,546471 0,563589 0,556307 0,539339
177 0,534365 0,545586 0,562718 0,555172 0,538112
178 0,533753 0,544877 0,561807 0,553948 0,536758
179 0,532713 0,543791 0,560504 0,552466 0,535148
